25
0 h 0
0 h 1
0 h 2
0 h 3
0 h 4
0 h 5
0 h 6
0 h 7
0 h 8
0 h 9
0 h 10
0 h 11
0 h 12
0 h 13
0 h 14
0 h 15
0 h 16
0 h 17
0 h 18
0 h 19
0 h 20
0 h 21
0 h 22
0 h 23
0 h 24
1 cz 0 1
1 cz 7 8
1 cz 10 11
1 cz 17 18
1 cz 20 21
2 cz 2 3
2 cz 5 6
2 cz 12 13
2 cz 15 16
2 cz 22 23
2 t 0
2 t 1
2 t 7
2 t 8
2 t 10
2 t 11
2 t 17
2 t 18
2 t 20
2 t 21
3 cz 5 10
3 cz 7 12
3 cz 9 14
3 cz 16 21
3 cz 18 23
3 t 2
3 t 3
3 t 6
3 t 13
3 t 15
3 t 22
4 cz 6 11
4 cz 8 13
4 cz 15 20
4 cz 17 22
4 cz 19 24
4 t 5
4 x_1_2 7
4 t 9
4 x_1_2 10
4 t 12
4 t 14
4 t 16
4 x_1_2 18
4 y_1_2 21
4 t 23
5 cz 1 2
5 cz 8 9
5 cz 11 12
5 cz 18 19
5 cz 21 22
5 x_1_2 6
5 x_1_2 13
5 y_1_2 15
5 x_1_2 17
5 y_1_2 20
5 t 24
6 cz 3 4
6 cz 6 7
6 cz 13 14
6 cz 16 17
6 cz 23 24
6 y_1_2 1
6 x_1_2 2
6 x_1_2 8
6 y_1_2 9
6 x_1_2 11
6 x_1_2 12
6 t 18
6 t 19
6 x_1_2 21
6 y_1_2 22
7 cz 0 5
7 cz 2 7
7 cz 4 9
7 cz 11 16
7 cz 13 18
7 y_1_2 3
7 t 6
7 y_1_2 14
7 y_1_2 17
7 x_1_2 23
7 x_1_2 24
8 cz 1 6
8 cz 3 8
8 cz 10 15
8 cz 12 17
8 cz 14 19
8 x_1_2 0
8 t 2
8 t 4
8 x_1_2 5
8 y_1_2 7
8 x_1_2 9
8 t 11
8 y_1_2 13
8 x_1_2 16
8 x_1_2 18
9 cz 0 1
9 cz 7 8
9 cz 10 11
9 cz 17 18
9 cz 20 21
9 x_1_2 3
9 x_1_2 6
9 y_1_2 12
9 x_1_2 14
9 x_1_2 15
9 y_1_2 19
10 cz 2 3
10 cz 5 6
10 cz 12 13
10 cz 15 16
10 cz 22 23
10 y_1_2 0
10 t 1
10 t 7
10 t 8
10 t 10
10 x_1_2 11
10 t 17
10 t 18
10 x_1_2 20
10 y_1_2 21
11 cz 5 10
11 cz 7 12
11 cz 9 14
11 cz 16 21
11 cz 18 23
11 y_1_2 2
11 t 3
11 y_1_2 6
11 t 13
11 t 15
11 x_1_2 22
12 cz 6 11
12 cz 8 13
12 cz 15 20
12 cz 17 22
12 cz 19 24
12 t 5
12 y_1_2 7
12 t 9
12 x_1_2 10
12 x_1_2 12
12 y_1_2 14
12 t 16
12 x_1_2 18
12 x_1_2 21
12 y_1_2 23
13 cz 1 2
13 cz 8 9
13 cz 11 12
13 cz 18 19
13 cz 21 22
13 x_1_2 6
13 y_1_2 13
13 y_1_2 15
13 x_1_2 17
13 y_1_2 20
13 y_1_2 24
14 cz 3 4
14 cz 6 7
14 cz 13 14
14 cz 16 17
14 cz 23 24
14 x_1_2 1
14 x_1_2 2
14 x_1_2 8
14 x_1_2 9
14 t 11
14 t 12
14 y_1_2 18
14 x_1_2 19
14 t 21
14 y_1_2 22
15 cz 0 5
15 cz 2 7
15 cz 4 9
15 cz 11 16
15 cz 13 18
15 x_1_2 3
15 y_1_2 6
15 t 14
15 y_1_2 17
15 x_1_2 23
15 t 24
16 cz 1 6
16 cz 3 8
16 cz 10 15
16 cz 12 17
16 cz 14 19
16 x_1_2 0
16 t 2
16 y_1_2 4
16 x_1_2 5
16 t 7
16 t 9
16 y_1_2 11
16 t 13
16 x_1_2 16
16 t 18
17 cz 0 1
17 cz 7 8
17 cz 10 11
17 cz 17 18
17 cz 20 21
17 y_1_2 3
17 x_1_2 6
17 x_1_2 12
17 x_1_2 14
17 x_1_2 15
17 t 19
18 cz 2 3
18 cz 5 6
18 cz 12 13
18 cz 15 16
18 cz 22 23
18 y_1_2 0
18 y_1_2 1
18 y_1_2 7
18 y_1_2 8
18 t 10
18 t 11
18 x_1_2 17
18 x_1_2 18
18 t 20
18 y_1_2 21
19 cz 5 10
19 cz 7 12
19 cz 9 14
19 cz 16 21
19 cz 18 23
19 x_1_2 2
19 t 3
19 y_1_2 6
19 x_1_2 13
19 y_1_2 15
19 x_1_2 22
20 cz 6 11
20 cz 8 13
20 cz 15 20
20 cz 17 22
20 cz 19 24
20 y_1_2 5
20 x_1_2 7
20 x_1_2 9
20 x_1_2 10
20 t 12
20 t 14
20 t 16
20 t 18
20 x_1_2 21
20 y_1_2 23
21 cz 1 2
21 cz 8 9
21 cz 11 12
21 cz 18 19
21 cz 21 22
21 x_1_2 6
21 t 13
21 x_1_2 15
21 t 17
21 x_1_2 20
21 x_1_2 24
22 cz 3 4
22 cz 6 7
22 cz 13 14
22 cz 16 17
22 cz 23 24
22 t 1
22 y_1_2 2
22 t 8
22 t 9
22 x_1_2 11
22 x_1_2 12
22 x_1_2 18
22 y_1_2 19
22 y_1_2 21
22 y_1_2 22
23 cz 0 5
23 cz 2 7
23 cz 4 9
23 cz 11 16
23 cz 13 18
23 y_1_2 3
23 t 6
23 y_1_2 14
23 y_1_2 17
23 t 23
23 y_1_2 24
24 cz 1 6
24 cz 3 8
24 cz 10 15
24 cz 12 17
24 cz 14 19
24 x_1_2 0
24 x_1_2 2
24 x_1_2 4
24 t 5
24 t 7
24 x_1_2 9
24 t 11
24 x_1_2 13
24 x_1_2 16
24 y_1_2 18
25 cz 0 1
25 cz 7 8
25 cz 10 11
25 cz 17 18
25 cz 20 21
25 t 3
25 x_1_2 6
25 t 12
25 x_1_2 14
25 t 15
25 x_1_2 19
26 cz 2 3
26 cz 5 6
26 cz 12 13
26 cz 15 16
26 cz 22 23
26 t 0
26 x_1_2 1
26 y_1_2 7
26 x_1_2 8
26 t 10
26 y_1_2 11
26 x_1_2 17
26 t 18
26 y_1_2 20
26 t 21
27 cz 5 10
27 cz 7 12
27 cz 9 14
27 cz 16 21
27 cz 18 23
27 y_1_2 2
27 x_1_2 3
27 y_1_2 6
27 y_1_2 13
27 y_1_2 15
27 t 22
28 cz 6 11
28 cz 8 13
28 cz 15 20
28 cz 17 22
28 cz 19 24
28 x_1_2 5
28 x_1_2 7
28 t 9
28 y_1_2 10
28 y_1_2 12
28 y_1_2 14
28 t 16
28 x_1_2 18
28 x_1_2 21
28 x_1_2 23
29 cz 1 2
29 cz 8 9
29 cz 11 12
29 cz 18 19
29 cz 21 22
29 t 6
29 t 13
29 x_1_2 15
29 y_1_2 17
29 x_1_2 20
29 t 24
30 cz 3 4
30 cz 6 7
30 cz 13 14
30 cz 16 17
30 cz 23 24
30 y_1_2 1
30 t 2
30 y_1_2 8
30 x_1_2 9
30 x_1_2 11
30 t 12
30 y_1_2 18
30 t 19
30 y_1_2 21
30 x_1_2 22
31 cz 0 5
31 cz 2 7
31 cz 4 9
31 cz 11 16
31 cz 13 18
31 t 3
31 y_1_2 6
31 t 14
31 t 17
31 t 23
31 y_1_2 24
32 cz 1 6
32 cz 3 8
32 cz 10 15
32 cz 12 17
32 cz 14 19
32 x_1_2 0
32 x_1_2 2
32 t 4
32 t 5
32 t 7
32 y_1_2 9
32 y_1_2 11
32 x_1_2 13
32 y_1_2 16
32 t 18
33 cz 0 1
33 cz 7 8
33 cz 10 11
33 cz 17 18
33 cz 20 21
33 y_1_2 3
33 x_1_2 6
33 x_1_2 12
33 y_1_2 14
33 y_1_2 15
33 y_1_2 19
34 cz 2 3
34 cz 5 6
34 cz 12 13
34 cz 15 16
34 cz 22 23
34 t 0
34 t 1
34 x_1_2 7
34 x_1_2 8
34 x_1_2 10
34 x_1_2 11
34 y_1_2 17
34 x_1_2 18
34 t 20
34 t 21
35 cz 5 10
35 cz 7 12
35 cz 9 14
35 cz 16 21
35 cz 18 23
35 t 2
35 t 3
35 t 6
35 y_1_2 13
35 x_1_2 15
35 y_1_2 22
36 cz 6 11
36 cz 8 13
36 cz 15 20
36 cz 17 22
36 cz 19 24
36 y_1_2 5
36 t 7
36 x_1_2 9
36 t 10
36 t 12
36 t 14
36 t 16
36 t 18
36 y_1_2 21
36 y_1_2 23
37 cz 1 2
37 cz 8 9
37 cz 11 12
37 cz 18 19
37 cz 21 22
37 x_1_2 6
37 x_1_2 13
37 t 15
37 t 17
37 y_1_2 20
37 t 24
38 cz 3 4
38 cz 6 7
38 cz 13 14
38 cz 16 17
38 cz 23 24
38 x_1_2 1
38 x_1_2 2
38 t 8
38 t 9
38 y_1_2 11
38 y_1_2 12
38 y_1_2 18
38 x_1_2 19
38 x_1_2 21
38 t 22
39 cz 0 5
39 cz 2 7
39 cz 4 9
39 cz 11 16
39 cz 13 18
39 y_1_2 3
39 t 6
39 x_1_2 14
39 x_1_2 17
39 x_1_2 23
39 y_1_2 24
40 cz 1 6
40 cz 3 8
40 cz 10 15
40 cz 12 17
40 cz 14 19
40 x_1_2 0
40 y_1_2 2
40 y_1_2 4
40 x_1_2 5
40 x_1_2 7
40 y_1_2 9
40 x_1_2 11
40 t 13
40 x_1_2 16
40 x_1_2 18
41 cz 0 1
41 cz 7 8
41 cz 10 11
41 cz 17 18
41 cz 20 21
41 x_1_2 3
41 y_1_2 6
41 x_1_2 12
41 t 14
41 x_1_2 15
41 t 19
42 cz 2 3
42 cz 5 6
42 cz 12 13
42 cz 15 16
42 cz 22 23
42 t 0
42 y_1_2 1
42 y_1_2 7
42 y_1_2 8
42 y_1_2 10
42 t 11
42 t 17
42 t 18
42 x_1_2 20
42 y_1_2 21
43 cz 5 10
43 cz 7 12
43 cz 9 14
43 cz 16 21
43 cz 18 23
43 t 2
43 t 3
43 x_1_2 6
43 x_1_2 13
43 t 15
43 y_1_2 22
44 cz 6 11
44 cz 8 13
44 cz 15 20
44 cz 17 22
44 cz 19 24
44 t 5
44 x_1_2 7
44 x_1_2 9
44 t 10
44 y_1_2 12
44 x_1_2 14
44 t 16
44 x_1_2 18
44 x_1_2 21
44 t 23
45 cz 1 2
45 cz 8 9
45 cz 11 12
45 cz 18 19
45 cz 21 22
45 y_1_2 6
45 t 13
45 x_1_2 15
45 x_1_2 17
45 t 20
45 x_1_2 24
46 cz 3 4
46 cz 6 7
46 cz 13 14
46 cz 16 17
46 cz 23 24
46 t 1
46 x_1_2 2
46 t 8
46 t 9
46 y_1_2 11
46 x_1_2 12
46 y_1_2 18
46 x_1_2 19
46 t 21
46 x_1_2 22
47 cz 0 5
47 cz 2 7
47 cz 4 9
47 cz 11 16
47 cz 13 18
47 y_1_2 3
47 t 6
47 y_1_2 14
47 t 17
47 x_1_2 23
47 y_1_2 24
48 cz 1 6
48 cz 3 8
48 cz 10 15
48 cz 12 17
48 cz 14 19
48 x_1_2 0
48 y_1_2 2
48 x_1_2 4
48 y_1_2 5
48 t 7
48 x_1_2 9
48 x_1_2 11
48 y_1_2 13
48 x_1_2 16
48 x_1_2 18
49 cz 0 1
49 cz 7 8
49 cz 10 11
49 cz 17 18
49 cz 20 21
49 t 3
49 x_1_2 6
49 t 12
49 x_1_2 14
49 y_1_2 15
49 y_1_2 19
50 cz 2 3
50 cz 5 6
50 cz 12 13
50 cz 15 16
50 cz 22 23
50 t 0
50 x_1_2 1
50 y_1_2 7
50 y_1_2 8
50 y_1_2 10
50 y_1_2 11
50 x_1_2 17
50 y_1_2 18
50 y_1_2 20
50 x_1_2 21
51 cz 5 10
51 cz 7 12
51 cz 9 14
51 cz 16 21
51 cz 18 23
51 x_1_2 2
51 x_1_2 3
51 y_1_2 6
51 x_1_2 13
51 x_1_2 15
51 t 22
52 cz 6 11
52 cz 8 13
52 cz 15 20
52 cz 17 22
52 cz 19 24
52 x_1_2 5
52 t 7
52 t 9
52 x_1_2 10
52 x_1_2 12
52 t 14
52 t 16
52 t 18
52 t 21
52 y_1_2 23
53 cz 1 2
53 cz 8 9
53 cz 11 12
53 cz 18 19
53 cz 21 22
53 x_1_2 6
53 y_1_2 13
53 t 15
53 t 17
53 t 20
53 t 24
54 cz 3 4
54 cz 6 7
54 cz 13 14
54 cz 16 17
54 cz 23 24
54 t 1
54 t 2
54 t 8
54 x_1_2 9
54 x_1_2 11
54 t 12
54 y_1_2 18
54 t 19
54 y_1_2 21
54 x_1_2 22
55 cz 0 5
55 cz 2 7
55 cz 4 9
55 cz 11 16
55 cz 13 18
55 t 3
55 t 6
55 x_1_2 14
55 y_1_2 17
55 t 23
55 x_1_2 24
56 cz 1 6
56 cz 3 8
56 cz 10 15
56 cz 12 17
56 cz 14 19
56 y_1_2 0
56 y_1_2 2
56 y_1_2 4
56 y_1_2 5
56 x_1_2 7
56 y_1_2 9
56 y_1_2 11
56 t 13
56 x_1_2 16
56 x_1_2 18
57 cz 0 1
57 cz 7 8
57 cz 10 11
57 cz 17 18
57 cz 20 21
57 x_1_2 3
57 x_1_2 6
57 y_1_2 12
57 t 14
57 x_1_2 15
57 x_1_2 19
58 cz 2 3
58 cz 5 6
58 cz 12 13
58 cz 15 16
58 cz 22 23
58 t 0
58 y_1_2 1
58 t 7
58 x_1_2 8
58 y_1_2 10
58 x_1_2 11
58 t 17
58 t 18
58 x_1_2 20
58 x_1_2 21
59 cz 5 10
59 cz 7 12
59 cz 9 14
59 cz 16 21
59 cz 18 23
59 x_1_2 2
59 t 3
59 y_1_2 6
59 y_1_2 13
59 y_1_2 15
59 y_1_2 22
60 cz 6 11
60 cz 8 13
60 cz 15 20
60 cz 17 22
60 cz 19 24
60 x_1_2 5
60 x_1_2 7
60 x_1_2 9
60 t 10
60 t 12
60 x_1_2 14
60 y_1_2 16
60 y_1_2 18
60 t 21
60 y_1_2 23
61 cz 1 2
61 cz 8 9
61 cz 11 12
61 cz 18 19
61 cz 21 22
61 x_1_2 6
61 t 13
61 t 15
61 y_1_2 17
61 y_1_2 20
61 y_1_2 24
62 cz 3 4
62 cz 6 7
62 cz 13 14
62 cz 16 17
62 cz 23 24
62 t 1
62 y_1_2 2
62 y_1_2 8
62 y_1_2 9
62 y_1_2 11
62 y_1_2 12
62 x_1_2 18
62 y_1_2 19
62 y_1_2 21
62 x_1_2 22
63 cz 0 5
63 cz 2 7
63 cz 4 9
63 cz 11 16
63 cz 13 18
63 x_1_2 3
63 y_1_2 6
63 t 14
63 x_1_2 17
63 t 23
63 x_1_2 24
64 cz 1 6
64 cz 3 8
64 cz 10 15
64 cz 12 17
64 cz 14 19
64 x_1_2 0
64 t 2
64 t 4
64 y_1_2 5
64 t 7
64 t 9
64 x_1_2 11
64 x_1_2 13
64 x_1_2 16
64 t 18
65 cz 0 1
65 cz 7 8
65 cz 10 11
65 cz 17 18
65 cz 20 21
65 t 3
65 t 6
65 t 12
65 x_1_2 14
65 x_1_2 15
65 x_1_2 19
66 cz 2 3
66 cz 5 6
66 cz 12 13
66 cz 15 16
66 cz 22 23
66 t 0
66 y_1_2 1
66 y_1_2 7
66 t 8
66 x_1_2 10
66 y_1_2 11
66 y_1_2 17
66 x_1_2 18
66 t 20
66 x_1_2 21
67 cz 5 10
67 cz 7 12
67 cz 9 14
67 cz 16 21
67 cz 18 23
67 y_1_2 2
67 x_1_2 3
67 x_1_2 6
67 t 13
67 y_1_2 15
67 y_1_2 22
68 cz 6 11
68 cz 8 13
68 cz 15 20
68 cz 17 22
68 cz 19 24
68 x_1_2 5
68 t 7
68 y_1_2 9
68 y_1_2 10
68 x_1_2 12
68 y_1_2 14
68 y_1_2 16
68 t 18
68 t 21
68 y_1_2 23
69 cz 1 2
69 cz 8 9
69 cz 11 12
69 cz 18 19
69 cz 21 22
69 y_1_2 6
69 x_1_2 13
69 t 15
69 x_1_2 17
69 y_1_2 20
69 t 24
70 cz 3 4
70 cz 6 7
70 cz 13 14
70 cz 16 17
70 cz 23 24
70 x_1_2 1
70 x_1_2 2
70 x_1_2 8
70 x_1_2 9
70 t 11
70 y_1_2 12
70 y_1_2 18
70 y_1_2 19
70 y_1_2 21
70 t 22
71 cz 0 5
71 cz 2 7
71 cz 4 9
71 cz 11 16
71 cz 13 18
71 y_1_2 3
71 x_1_2 6
71 t 14
71 t 17
71 x_1_2 23
71 y_1_2 24
72 cz 1 6
72 cz 3 8
72 cz 10 15
72 cz 12 17
72 cz 14 19
72 x_1_2 0
72 t 2
72 y_1_2 4
72 y_1_2 5
72 y_1_2 7
72 y_1_2 9
72 x_1_2 11
72 t 13
72 x_1_2 16
72 t 18
73 cz 0 1
73 cz 7 8
73 cz 10 11
73 cz 17 18
73 cz 20 21
73 t 3
73 t 6
73 t 12
73 y_1_2 14
73 y_1_2 15
73 t 19
74 cz 2 3
74 cz 5 6
74 cz 12 13
74 cz 15 16
74 cz 22 23
74 y_1_2 0
74 y_1_2 1
74 x_1_2 7
74 t 8
74 t 10
74 y_1_2 11
74 y_1_2 17
74 y_1_2 18
74 t 20
74 t 21
75 cz 5 10
75 cz 7 12
75 cz 9 14
75 cz 16 21
75 cz 18 23
75 y_1_2 2
75 y_1_2 3
75 y_1_2 6
75 y_1_2 13
75 t 15
75 y_1_2 22
76 cz 6 11
76 cz 8 13
76 cz 15 20
76 cz 17 22
76 cz 19 24
76 t 5
76 t 7
76 t 9
76 y_1_2 10
76 y_1_2 12
76 t 14
76 y_1_2 16
76 t 18
76 y_1_2 21
76 y_1_2 23
77 cz 1 2
77 cz 8 9
77 cz 11 12
77 cz 18 19
77 cz 21 22
77 t 6
77 x_1_2 13
77 x_1_2 15
77 t 17
77 x_1_2 20
77 x_1_2 24
78 cz 3 4
78 cz 6 7
78 cz 13 14
78 cz 16 17
78 cz 23 24
78 t 1
78 t 2
78 x_1_2 8
78 y_1_2 9
78 t 11
78 t 12
78 y_1_2 18
78 y_1_2 19
78 x_1_2 21
78 t 22
79 cz 0 5
79 cz 2 7
79 cz 4 9
79 cz 11 16
79 cz 13 18
79 t 3
79 x_1_2 6
79 y_1_2 14
79 x_1_2 17
79 t 23
79 y_1_2 24
80 cz 1 6
80 cz 3 8
80 cz 10 15
80 cz 12 17
80 cz 14 19
80 x_1_2 0
80 y_1_2 2
80 t 4
80 y_1_2 5
80 x_1_2 7
80 t 9
80 y_1_2 11
80 t 13
80 x_1_2 16
80 x_1_2 18
81 cz 0 1
81 cz 7 8
81 cz 10 11
81 cz 17 18
81 cz 20 21
81 y_1_2 3
81 y_1_2 6
81 y_1_2 12
81 t 14
81 y_1_2 15
81 t 19
82 cz 2 3
82 cz 5 6
82 cz 12 13
82 cz 15 16
82 cz 22 23
82 t 0
82 x_1_2 1
82 t 7
82 t 8
82 t 10
82 t 11
82 y_1_2 17
82 y_1_2 18
82 t 20
82 t 21
83 cz 5 10
83 cz 7 12
83 cz 9 14
83 cz 16 21
83 cz 18 23
83 x_1_2 2
83 t 3
83 t 6
83 y_1_2 13
83 x_1_2 15
83 y_1_2 22
84 cz 6 11
84 cz 8 13
84 cz 15 20
84 cz 17 22
84 cz 19 24
84 t 5
84 x_1_2 7
84 y_1_2 9
84 x_1_2 10
84 t 12
84 x_1_2 14
84 y_1_2 16
84 x_1_2 18
84 y_1_2 21
84 x_1_2 23
85 cz 1 2
85 cz 8 9
85 cz 11 12
85 cz 18 19
85 cz 21 22
85 x_1_2 6
85 x_1_2 13
85 t 15
85 x_1_2 17
85 y_1_2 20
85 x_1_2 24
86 cz 3 4
86 cz 6 7
86 cz 13 14
86 cz 16 17
86 cz 23 24
86 t 1
86 y_1_2 2
86 x_1_2 8
86 t 9
86 y_1_2 11
86 x_1_2 12
86 y_1_2 18
86 y_1_2 19
86 x_1_2 21
86 t 22
87 cz 0 5
87 cz 2 7
87 cz 4 9
87 cz 11 16
87 cz 13 18
87 y_1_2 3
87 t 6
87 y_1_2 14
87 t 17
87 y_1_2 23
87 y_1_2 24
88 cz 1 6
88 cz 3 8
88 cz 10 15
88 cz 12 17
88 cz 14 19
88 y_1_2 0
88 t 2
88 y_1_2 4
88 x_1_2 5
88 t 7
88 x_1_2 9
88 t 11
88 t 13
88 x_1_2 16
88 t 18
89 cz 0 1
89 cz 7 8
89 cz 10 11
89 cz 17 18
89 cz 20 21
89 x_1_2 3
89 y_1_2 6
89 t 12
89 x_1_2 14
89 x_1_2 15
89 x_1_2 19
90 cz 2 3
90 cz 5 6
90 cz 12 13
90 cz 15 16
90 cz 22 23
90 x_1_2 0
90 x_1_2 1
90 x_1_2 7
90 t 8
90 t 10
90 x_1_2 11
90 y_1_2 17
90 y_1_2 18
90 t 20
90 y_1_2 21
91 cz 5 10
91 cz 7 12
91 cz 9 14
91 cz 16 21
91 cz 18 23
91 x_1_2 2
91 t 3
91 t 6
91 y_1_2 13
91 y_1_2 15
91 y_1_2 22
92 cz 6 11
92 cz 8 13
92 cz 15 20
92 cz 17 22
92 cz 19 24
92 t 5
92 t 7
92 y_1_2 9
92 y_1_2 10
92 x_1_2 12
92 y_1_2 14
92 t 16
92 x_1_2 18
92 x_1_2 21
92 t 23
93 cz 1 2
93 cz 8 9
93 cz 11 12
93 cz 18 19
93 cz 21 22
93 x_1_2 6
93 x_1_2 13
93 x_1_2 15
93 x_1_2 17
93 y_1_2 20
93 x_1_2 24
94 cz 3 4
94 cz 6 7
94 cz 13 14
94 cz 16 17
94 cz 23 24
94 t 1
94 y_1_2 2
94 y_1_2 8
94 t 9
94 t 11
94 y_1_2 12
94 t 18
94 y_1_2 19
94 y_1_2 21
94 t 22
95 cz 0 5
95 cz 2 7
95 cz 4 9
95 cz 11 16
95 cz 13 18
95 y_1_2 3
95 y_1_2 6
95 t 14
95 t 17
95 x_1_2 23
95 y_1_2 24
96 cz 1 6
96 cz 3 8
96 cz 10 15
96 cz 12 17
96 cz 14 19
96 y_1_2 0
96 t 2
96 t 4
96 y_1_2 5
96 x_1_2 7
96 y_1_2 9
96 y_1_2 11
96 y_1_2 13
96 y_1_2 16
96 x_1_2 18
97 cz 0 1
97 cz 7 8
97 cz 10 11
97 cz 17 18
97 cz 20 21
97 x_1_2 3
97 x_1_2 6
97 x_1_2 12
97 x_1_2 14
97 t 15
97 x_1_2 19
98 cz 2 3
98 cz 5 6
98 cz 12 13
98 cz 15 16
98 cz 22 23
98 t 0
98 y_1_2 1
98 y_1_2 7
98 t 8
98 t 10
98 x_1_2 11
98 y_1_2 17
98 y_1_2 18
98 t 20
98 t 21
99 cz 5 10
99 cz 7 12
99 cz 9 14
99 cz 16 21
99 cz 18 23
99 y_1_2 2
99 t 3
99 t 6
99 t 13
99 x_1_2 15
99 x_1_2 22
100 cz 6 11
100 cz 8 13
100 cz 15 20
100 cz 17 22
100 cz 19 24
100 x_1_2 5
100 x_1_2 7
100 t 9
100 x_1_2 10
100 t 12
100 y_1_2 14
100 t 16
100 x_1_2 18
100 x_1_2 21
100 t 23
