60
0 h 0
0 h 1
0 h 2
0 h 3
0 h 4
0 h 5
0 h 6
0 h 7
0 h 8
0 h 9
0 h 10
0 h 11
0 h 12
0 h 13
0 h 14
0 h 15
0 h 16
0 h 17
0 h 18
0 h 19
0 h 20
0 h 21
0 h 22
0 h 23
0 h 24
0 h 25
0 h 26
0 h 27
0 h 28
0 h 29
0 h 30
0 h 31
0 h 32
0 h 33
0 h 34
0 h 35
0 h 36
0 h 37
0 h 38
0 h 39
0 h 40
0 h 41
0 h 42
0 h 43
0 h 44
0 h 45
0 h 46
0 h 47
0 h 48
0 h 49
0 h 50
0 h 51
0 h 52
0 h 53
0 h 54
0 h 55
0 h 56
0 h 57
0 h 58
0 h 59
1 cz 0 1
1 cz 4 5
1 cz 8 9
1 cz 14 15
1 cz 18 19
1 cz 22 23
1 cz 24 25
1 cz 28 29
1 cz 32 33
1 cz 38 39
1 cz 42 43
1 cz 46 47
1 cz 48 49
1 cz 52 53
1 cz 56 57
2 cz 2 3
2 cz 6 7
2 cz 10 11
2 cz 12 13
2 cz 16 17
2 cz 20 21
2 cz 26 27
2 cz 30 31
2 cz 34 35
2 cz 36 37
2 cz 40 41
2 cz 44 45
2 cz 50 51
2 cz 54 55
2 cz 58 59
2 t 0
2 t 1
2 t 4
2 t 5
2 t 8
2 t 9
2 t 14
2 t 15
2 t 18
2 t 19
2 t 22
2 t 23
2 t 24
2 t 25
2 t 28
2 t 29
2 t 32
2 t 33
2 t 38
2 t 39
2 t 42
2 t 43
2 t 46
2 t 47
2 t 48
2 t 49
2 t 52
2 t 53
2 t 56
2 t 57
3 cz 12 24
3 cz 37 49
3 cz 14 26
3 cz 39 51
3 cz 16 28
3 cz 41 53
3 cz 18 30
3 cz 43 55
3 cz 20 32
3 cz 45 57
3 cz 22 34
3 cz 47 59
3 t 2
3 t 3
3 t 6
3 t 7
3 t 10
3 t 11
3 t 13
3 t 17
3 t 21
3 t 27
3 t 31
3 t 35
3 t 36
3 t 40
3 t 44
3 t 50
3 t 54
3 t 58
4 cz 36 48
4 cz 13 25
4 cz 38 50
4 cz 15 27
4 cz 40 52
4 cz 17 29
4 cz 42 54
4 cz 19 31
4 cz 44 56
4 cz 21 33
4 cz 46 58
4 cz 23 35
4 t 12
4 x_1_2 14
4 t 16
4 y_1_2 18
4 t 20
4 x_1_2 22
4 y_1_2 24
4 t 26
4 y_1_2 28
4 t 30
4 x_1_2 32
4 t 34
4 t 37
4 x_1_2 39
4 t 41
4 y_1_2 43
4 t 45
4 x_1_2 47
4 x_1_2 49
4 t 51
4 y_1_2 53
4 t 55
4 x_1_2 57
4 t 59
5 cz 1 2
5 cz 5 6
5 cz 9 10
5 cz 15 16
5 cz 19 20
5 cz 25 26
5 cz 29 30
5 cz 33 34
5 cz 39 40
5 cz 43 44
5 cz 49 50
5 cz 53 54
5 cz 57 58
5 y_1_2 13
5 x_1_2 17
5 y_1_2 21
5 x_1_2 23
5 y_1_2 27
5 y_1_2 31
5 y_1_2 35
5 y_1_2 36
5 y_1_2 38
5 x_1_2 42
5 y_1_2 46
5 y_1_2 48
5 x_1_2 52
5 x_1_2 56
6 cz 3 4
6 cz 7 8
6 cz 13 14
6 cz 17 18
6 cz 21 22
6 cz 27 28
6 cz 31 32
6 cz 37 38
6 cz 41 42
6 cz 45 46
6 cz 51 52
6 cz 55 56
6 y_1_2 1
6 x_1_2 2
6 y_1_2 5
6 y_1_2 6
6 y_1_2 9
6 y_1_2 10
6 x_1_2 15
6 y_1_2 16
6 x_1_2 19
6 y_1_2 20
6 y_1_2 25
6 x_1_2 26
6 x_1_2 29
6 x_1_2 30
6 y_1_2 33
6 x_1_2 34
6 y_1_2 39
6 x_1_2 40
6 x_1_2 43
6 x_1_2 44
6 t 49
6 y_1_2 50
6 x_1_2 53
6 y_1_2 54
6 y_1_2 57
6 y_1_2 58
7 cz 0 12
7 cz 25 37
7 cz 2 14
7 cz 27 39
7 cz 4 16
7 cz 29 41
7 cz 6 18
7 cz 31 43
7 cz 8 20
7 cz 33 45
7 cz 10 22
7 cz 35 47
7 y_1_2 3
7 y_1_2 7
7 x_1_2 13
7 t 17
7 x_1_2 21
7 x_1_2 28
7 y_1_2 32
7 x_1_2 38
7 y_1_2 42
7 t 46
7 y_1_2 51
7 y_1_2 52
7 x_1_2 55
7 t 56
8 cz 24 36
8 cz 1 13
8 cz 26 38
8 cz 3 15
8 cz 28 40
8 cz 5 17
8 cz 30 42
8 cz 7 19
8 cz 32 44
8 cz 9 21
8 cz 34 46
8 cz 11 23
8 y_1_2 0
8 y_1_2 2
8 x_1_2 4
8 x_1_2 6
8 x_1_2 8
8 t 10
8 x_1_2 12
8 y_1_2 14
8 x_1_2 16
8 t 18
8 x_1_2 20
8 t 22
8 x_1_2 25
8 t 27
8 y_1_2 29
8 x_1_2 31
8 x_1_2 33
8 x_1_2 35
8 x_1_2 37
8 t 39
8 y_1_2 41
8 t 43
8 x_1_2 45
8 t 47
9 cz 0 1
9 cz 4 5
9 cz 8 9
9 cz 14 15
9 cz 18 19
9 cz 22 23
9 cz 24 25
9 cz 28 29
9 cz 32 33
9 cz 38 39
9 cz 42 43
9 cz 46 47
9 cz 48 49
9 cz 52 53
9 cz 56 57
9 x_1_2 3
9 t 7
9 x_1_2 11
9 y_1_2 13
9 x_1_2 17
9 y_1_2 21
9 y_1_2 26
9 t 30
9 t 34
9 x_1_2 36
9 y_1_2 40
9 y_1_2 44
10 cz 2 3
10 cz 6 7
10 cz 10 11
10 cz 12 13
10 cz 16 17
10 cz 20 21
10 cz 26 27
10 cz 30 31
10 cz 34 35
10 cz 36 37
10 cz 40 41
10 cz 44 45
10 cz 50 51
10 cz 54 55
10 cz 58 59
10 x_1_2 0
10 x_1_2 1
10 y_1_2 4
10 x_1_2 5
10 t 8
10 x_1_2 9
10 t 14
10 t 15
10 y_1_2 18
10 y_1_2 19
10 y_1_2 22
10 t 23
10 t 24
10 y_1_2 25
10 t 28
10 x_1_2 29
10 x_1_2 32
10 t 33
10 y_1_2 38
10 x_1_2 39
10 x_1_2 42
10 x_1_2 43
10 y_1_2 46
10 y_1_2 47
10 t 48
10 x_1_2 49
10 x_1_2 52
10 y_1_2 53
10 x_1_2 56
10 t 57
11 cz 12 24
11 cz 37 49
11 cz 14 26
11 cz 39 51
11 cz 16 28
11 cz 41 53
11 cz 18 30
11 cz 43 55
11 cz 20 32
11 cz 45 57
11 cz 22 34
11 cz 47 59
11 x_1_2 2
11 t 3
11 t 6
11 x_1_2 7
11 x_1_2 10
11 y_1_2 11
11 t 13
11 t 17
11 x_1_2 21
11 x_1_2 27
11 y_1_2 31
11 y_1_2 35
11 t 36
11 t 40
11 x_1_2 44
11 t 50
11 t 54
11 t 58
12 cz 36 48
12 cz 13 25
12 cz 38 50
12 cz 15 27
12 cz 40 52
12 cz 17 29
12 cz 42 54
12 cz 19 31
12 cz 44 56
12 cz 21 33
12 cz 46 58
12 cz 23 35
12 y_1_2 12
12 x_1_2 14
12 t 16
12 t 18
12 y_1_2 20
12 t 22
12 y_1_2 24
12 t 26
12 x_1_2 28
12 y_1_2 30
12 y_1_2 32
12 x_1_2 34
12 t 37
12 t 39
12 x_1_2 41
12 t 43
12 y_1_2 45
12 x_1_2 47
12 t 49
12 t 51
12 x_1_2 53
12 y_1_2 55
12 y_1_2 57
12 x_1_2 59
13 cz 1 2
13 cz 5 6
13 cz 9 10
13 cz 15 16
13 cz 19 20
13 cz 25 26
13 cz 29 30
13 cz 33 34
13 cz 39 40
13 cz 43 44
13 cz 49 50
13 cz 53 54
13 cz 57 58
13 x_1_2 13
13 x_1_2 17
13 y_1_2 21
13 x_1_2 23
13 t 27
13 t 31
13 t 35
13 x_1_2 36
13 x_1_2 38
13 t 42
13 t 46
13 y_1_2 48
13 y_1_2 52
13 y_1_2 56
14 cz 3 4
14 cz 7 8
14 cz 13 14
14 cz 17 18
14 cz 21 22
14 cz 27 28
14 cz 31 32
14 cz 37 38
14 cz 41 42
14 cz 45 46
14 cz 51 52
14 cz 55 56
14 t 1
14 y_1_2 2
14 y_1_2 5
14 x_1_2 6
14 y_1_2 9
14 y_1_2 10
14 y_1_2 15
14 y_1_2 16
14 t 19
14 t 20
14 t 25
14 x_1_2 26
14 y_1_2 29
14 t 30
14 y_1_2 33
14 t 34
14 y_1_2 39
14 y_1_2 40
14 y_1_2 43
14 y_1_2 44
14 y_1_2 49
14 y_1_2 50
14 t 53
14 y_1_2 54
14 t 57
14 x_1_2 58
15 cz 0 12
15 cz 25 37
15 cz 2 14
15 cz 27 39
15 cz 4 16
15 cz 29 41
15 cz 6 18
15 cz 31 43
15 cz 8 20
15 cz 33 45
15 cz 10 22
15 cz 35 47
15 y_1_2 3
15 y_1_2 7
15 t 13
15 y_1_2 17
15 x_1_2 21
15 t 28
15 t 32
15 y_1_2 38
15 x_1_2 42
15 y_1_2 46
15 x_1_2 51
15 t 52
15 x_1_2 55
15 x_1_2 56
16 cz 24 36
16 cz 1 13
16 cz 26 38
16 cz 3 15
16 cz 28 40
16 cz 5 17
16 cz 30 42
16 cz 7 19
16 cz 32 44
16 cz 9 21
16 cz 34 46
16 cz 11 23
16 t 0
16 x_1_2 2
16 x_1_2 4
16 y_1_2 6
16 y_1_2 8
16 t 10
16 x_1_2 12
16 y_1_2 14
16 t 16
16 x_1_2 18
16 x_1_2 20
16 y_1_2 22
16 x_1_2 25
16 x_1_2 27
16 x_1_2 29
16 x_1_2 31
16 t 33
16 x_1_2 35
16 x_1_2 37
16 t 39
16 y_1_2 41
16 x_1_2 43
16 t 45
16 y_1_2 47
17 cz 0 1
17 cz 4 5
17 cz 8 9
17 cz 14 15
17 cz 18 19
17 cz 22 23
17 cz 24 25
17 cz 28 29
17 cz 32 33
17 cz 38 39
17 cz 42 43
17 cz 46 47
17 cz 48 49
17 cz 52 53
17 cz 56 57
17 t 3
17 t 7
17 t 11
17 y_1_2 13
17 x_1_2 17
17 t 21
17 t 26
17 x_1_2 30
17 x_1_2 34
17 y_1_2 36
17 x_1_2 40
17 t 44
18 cz 2 3
18 cz 6 7
18 cz 10 11
18 cz 12 13
18 cz 16 17
18 cz 20 21
18 cz 26 27
18 cz 30 31
18 cz 34 35
18 cz 36 37
18 cz 40 41
18 cz 44 45
18 cz 50 51
18 cz 54 55
18 cz 58 59
18 x_1_2 0
18 x_1_2 1
18 t 4
18 x_1_2 5
18 x_1_2 8
18 t 9
18 x_1_2 14
18 x_1_2 15
18 t 18
18 x_1_2 19
18 t 22
18 y_1_2 23
18 t 24
18 y_1_2 25
18 x_1_2 28
18 t 29
18 y_1_2 32
18 y_1_2 33
18 t 38
18 x_1_2 39
18 t 42
18 y_1_2 43
18 x_1_2 46
18 t 47
18 x_1_2 48
18 x_1_2 49
18 x_1_2 52
18 x_1_2 53
18 t 56
18 y_1_2 57
19 cz 12 24
19 cz 37 49
19 cz 14 26
19 cz 39 51
19 cz 16 28
19 cz 41 53
19 cz 18 30
19 cz 43 55
19 cz 20 32
19 cz 45 57
19 cz 22 34
19 cz 47 59
19 y_1_2 2
19 y_1_2 3
19 x_1_2 6
19 y_1_2 7
19 y_1_2 10
19 y_1_2 11
19 t 13
19 y_1_2 17
19 x_1_2 21
19 t 27
19 y_1_2 31
19 t 35
19 t 36
19 t 40
19 y_1_2 44
19 t 50
19 t 54
19 y_1_2 58
20 cz 36 48
20 cz 13 25
20 cz 38 50
20 cz 15 27
20 cz 40 52
20 cz 17 29
20 cz 42 54
20 cz 19 31
20 cz 44 56
20 cz 21 33
20 cz 46 58
20 cz 23 35
20 t 12
20 y_1_2 14
20 y_1_2 16
20 y_1_2 18
20 y_1_2 20
20 y_1_2 22
20 y_1_2 24
20 x_1_2 26
20 y_1_2 28
20 y_1_2 30
20 x_1_2 32
20 t 34
20 y_1_2 37
20 y_1_2 39
20 t 41
20 t 43
20 y_1_2 45
20 y_1_2 47
20 t 49
20 t 51
20 t 53
20 y_1_2 55
20 x_1_2 57
20 t 59
21 cz 1 2
21 cz 5 6
21 cz 9 10
21 cz 15 16
21 cz 19 20
21 cz 25 26
21 cz 29 30
21 cz 33 34
21 cz 39 40
21 cz 43 44
21 cz 49 50
21 cz 53 54
21 cz 57 58
21 x_1_2 13
21 t 17
21 t 21
21 t 23
21 x_1_2 27
21 x_1_2 31
21 y_1_2 35
21 x_1_2 36
21 y_1_2 38
21 x_1_2 42
21 y_1_2 46
21 y_1_2 48
21 y_1_2 52
21 y_1_2 56
22 cz 3 4
22 cz 7 8
22 cz 13 14
22 cz 17 18
22 cz 21 22
22 cz 27 28
22 cz 31 32
22 cz 37 38
22 cz 41 42
22 cz 45 46
22 cz 51 52
22 cz 55 56
22 t 1
22 x_1_2 2
22 y_1_2 5
22 t 6
22 x_1_2 9
22 x_1_2 10
22 y_1_2 15
22 x_1_2 16
22 t 19
22 x_1_2 20
22 t 25
22 t 26
22 x_1_2 29
22 x_1_2 30
22 t 33
22 x_1_2 34
22 x_1_2 39
22 y_1_2 40
22 x_1_2 43
22 x_1_2 44
22 x_1_2 49
22 y_1_2 50
22 y_1_2 53
22 x_1_2 54
22 t 57
22 t 58
23 cz 0 12
23 cz 25 37
23 cz 2 14
23 cz 27 39
23 cz 4 16
23 cz 29 41
23 cz 6 18
23 cz 31 43
23 cz 8 20
23 cz 33 45
23 cz 10 22
23 cz 35 47
23 t 3
23 t 7
23 t 13
23 x_1_2 17
23 x_1_2 21
23 x_1_2 28
23 t 32
23 x_1_2 38
23 t 42
23 x_1_2 46
23 x_1_2 51
23 x_1_2 52
23 x_1_2 55
23 x_1_2 56
24 cz 24 36
24 cz 1 13
24 cz 26 38
24 cz 3 15
24 cz 28 40
24 cz 5 17
24 cz 30 42
24 cz 7 19
24 cz 32 44
24 cz 9 21
24 cz 34 46
24 cz 11 23
24 t 0
24 y_1_2 2
24 y_1_2 4
24 x_1_2 6
24 y_1_2 8
24 y_1_2 10
24 x_1_2 12
24 t 14
24 t 16
24 x_1_2 18
24 y_1_2 20
24 x_1_2 22
24 y_1_2 25
24 t 27
24 t 29
24 t 31
24 x_1_2 33
24 x_1_2 35
24 x_1_2 37
24 y_1_2 39
24 x_1_2 41
24 y_1_2 43
24 t 45
24 t 47
25 cz 0 1
25 cz 4 5
25 cz 8 9
25 cz 14 15
25 cz 18 19
25 cz 22 23
25 cz 24 25
25 cz 28 29
25 cz 32 33
25 cz 38 39
25 cz 42 43
25 cz 46 47
25 cz 48 49
25 cz 52 53
25 cz 56 57
25 y_1_2 3
25 x_1_2 7
25 t 11
25 y_1_2 13
25 t 17
25 t 21
25 y_1_2 26
25 y_1_2 30
25 t 34
25 t 36
25 t 40
25 t 44
26 cz 2 3
26 cz 6 7
26 cz 10 11
26 cz 12 13
26 cz 16 17
26 cz 20 21
26 cz 26 27
26 cz 30 31
26 cz 34 35
26 cz 36 37
26 cz 40 41
26 cz 44 45
26 cz 50 51
26 cz 54 55
26 cz 58 59
26 x_1_2 0
26 y_1_2 1
26 x_1_2 4
26 t 5
26 x_1_2 8
26 t 9
26 x_1_2 14
26 x_1_2 15
26 t 18
26 y_1_2 19
26 y_1_2 22
26 x_1_2 23
26 x_1_2 24
26 t 25
26 y_1_2 28
26 y_1_2 29
26 x_1_2 32
26 y_1_2 33
26 y_1_2 38
26 x_1_2 39
26 x_1_2 42
26 x_1_2 43
26 y_1_2 46
26 y_1_2 47
26 x_1_2 48
26 t 49
26 t 52
26 t 53
26 y_1_2 56
26 y_1_2 57
27 cz 12 24
27 cz 37 49
27 cz 14 26
27 cz 39 51
27 cz 16 28
27 cz 41 53
27 cz 18 30
27 cz 43 55
27 cz 20 32
27 cz 45 57
27 cz 22 34
27 cz 47 59
27 x_1_2 2
27 t 3
27 y_1_2 6
27 y_1_2 7
27 t 10
27 y_1_2 11
27 x_1_2 13
27 x_1_2 17
27 y_1_2 21
27 x_1_2 27
27 x_1_2 31
27 y_1_2 35
27 y_1_2 36
27 y_1_2 40
27 y_1_2 44
27 t 50
27 t 54
27 x_1_2 58
28 cz 36 48
28 cz 13 25
28 cz 38 50
28 cz 15 27
28 cz 40 52
28 cz 17 29
28 cz 42 54
28 cz 19 31
28 cz 44 56
28 cz 21 33
28 cz 46 58
28 cz 23 35
28 t 12
28 y_1_2 14
28 y_1_2 16
28 y_1_2 18
28 x_1_2 20
28 t 22
28 t 24
28 t 26
28 x_1_2 28
28 t 30
28 y_1_2 32
28 x_1_2 34
28 y_1_2 37
28 t 39
28 t 41
28 t 43
28 y_1_2 45
28 x_1_2 47
28 x_1_2 49
28 y_1_2 51
28 x_1_2 53
28 t 55
28 t 57
28 x_1_2 59
29 cz 1 2
29 cz 5 6
29 cz 9 10
29 cz 15 16
29 cz 19 20
29 cz 25 26
29 cz 29 30
29 cz 33 34
29 cz 39 40
29 cz 43 44
29 cz 49 50
29 cz 53 54
29 cz 57 58
29 y_1_2 13
29 y_1_2 17
29 t 21
29 t 23
29 t 27
29 y_1_2 31
29 x_1_2 35
29 x_1_2 36
29 x_1_2 38
29 t 42
29 t 46
29 t 48
29 y_1_2 52
29 x_1_2 56
30 cz 3 4
30 cz 7 8
30 cz 13 14
30 cz 17 18
30 cz 21 22
30 cz 27 28
30 cz 31 32
30 cz 37 38
30 cz 41 42
30 cz 45 46
30 cz 51 52
30 cz 55 56
30 t 1
30 t 2
30 y_1_2 5
30 t 6
30 y_1_2 9
30 y_1_2 10
30 y_1_2 15
30 t 16
30 x_1_2 19
30 y_1_2 20
30 y_1_2 25
30 y_1_2 26
30 x_1_2 29
30 x_1_2 30
30 x_1_2 33
30 t 34
30 y_1_2 39
30 x_1_2 40
30 x_1_2 43
30 x_1_2 44
30 y_1_2 49
30 x_1_2 50
30 y_1_2 53
30 x_1_2 54
30 x_1_2 57
30 y_1_2 58
31 cz 0 12
31 cz 25 37
31 cz 2 14
31 cz 27 39
31 cz 4 16
31 cz 29 41
31 cz 6 18
31 cz 31 43
31 cz 8 20
31 cz 33 45
31 cz 10 22
31 cz 35 47
31 x_1_2 3
31 x_1_2 7
31 x_1_2 13
31 t 17
31 y_1_2 21
31 y_1_2 28
31 x_1_2 32
31 t 38
31 y_1_2 42
31 y_1_2 46
31 t 51
31 t 52
31 x_1_2 55
31 t 56
32 cz 24 36
32 cz 1 13
32 cz 26 38
32 cz 3 15
32 cz 28 40
32 cz 5 17
32 cz 30 42
32 cz 7 19
32 cz 32 44
32 cz 9 21
32 cz 34 46
32 cz 11 23
32 y_1_2 0
32 y_1_2 2
32 t 4
32 y_1_2 6
32 y_1_2 8
32 t 10
32 y_1_2 12
32 x_1_2 14
32 y_1_2 16
32 x_1_2 18
32 x_1_2 20
32 x_1_2 22
32 x_1_2 25
32 y_1_2 27
32 y_1_2 29
32 t 31
32 y_1_2 33
32 t 35
32 t 37
32 t 39
32 x_1_2 41
32 t 43
32 t 45
32 t 47
33 cz 0 1
33 cz 4 5
33 cz 8 9
33 cz 14 15
33 cz 18 19
33 cz 22 23
33 cz 24 25
33 cz 28 29
33 cz 32 33
33 cz 38 39
33 cz 42 43
33 cz 46 47
33 cz 48 49
33 cz 52 53
33 cz 56 57
33 y_1_2 3
33 y_1_2 7
33 t 11
33 y_1_2 13
33 x_1_2 17
33 t 21
33 x_1_2 26
33 t 30
33 x_1_2 34
33 y_1_2 36
33 y_1_2 40
33 t 44
34 cz 2 3
34 cz 6 7
34 cz 10 11
34 cz 12 13
34 cz 16 17
34 cz 20 21
34 cz 26 27
34 cz 30 31
34 cz 34 35
34 cz 36 37
34 cz 40 41
34 cz 44 45
34 cz 50 51
34 cz 54 55
34 cz 58 59
34 t 0
34 y_1_2 1
34 y_1_2 4
34 t 5
34 t 8
34 t 9
34 y_1_2 14
34 t 15
34 t 18
34 t 19
34 t 22
34 x_1_2 23
34 x_1_2 24
34 t 25
34 t 28
34 t 29
34 t 32
34 t 33
34 x_1_2 38
34 x_1_2 39
34 t 42
34 x_1_2 43
34 x_1_2 46
34 x_1_2 47
34 x_1_2 48
34 t 49
34 x_1_2 52
34 x_1_2 53
34 x_1_2 56
34 t 57
35 cz 12 24
35 cz 37 49
35 cz 14 26
35 cz 39 51
35 cz 16 28
35 cz 41 53
35 cz 18 30
35 cz 43 55
35 cz 20 32
35 cz 45 57
35 cz 22 34
35 cz 47 59
35 t 2
35 t 3
35 x_1_2 6
35 t 7
35 x_1_2 10
35 x_1_2 11
35 x_1_2 13
35 t 17
35 y_1_2 21
35 t 27
35 y_1_2 31
35 x_1_2 35
35 t 36
35 t 40
35 y_1_2 44
35 y_1_2 50
35 t 54
35 t 58
36 cz 36 48
36 cz 13 25
36 cz 38 50
36 cz 15 27
36 cz 40 52
36 cz 17 29
36 cz 42 54
36 cz 19 31
36 cz 44 56
36 cz 21 33
36 cz 46 58
36 cz 23 35
36 x_1_2 12
36 x_1_2 14
36 x_1_2 16
36 x_1_2 18
36 t 20
36 x_1_2 22
36 t 24
36 t 26
36 x_1_2 28
36 y_1_2 30
36 y_1_2 32
36 t 34
36 y_1_2 37
36 t 39
36 y_1_2 41
36 y_1_2 43
36 y_1_2 45
36 t 47
36 x_1_2 49
36 y_1_2 51
36 y_1_2 53
36 t 55
36 x_1_2 57
36 y_1_2 59
37 cz 1 2
37 cz 5 6
37 cz 9 10
37 cz 15 16
37 cz 19 20
37 cz 25 26
37 cz 29 30
37 cz 33 34
37 cz 39 40
37 cz 43 44
37 cz 49 50
37 cz 53 54
37 cz 57 58
37 t 13
37 x_1_2 17
37 t 21
37 y_1_2 23
37 y_1_2 27
37 t 31
37 y_1_2 35
37 y_1_2 36
37 y_1_2 38
37 y_1_2 42
37 y_1_2 46
37 t 48
37 t 52
37 t 56
38 cz 3 4
38 cz 7 8
38 cz 13 14
38 cz 17 18
38 cz 21 22
38 cz 27 28
38 cz 31 32
38 cz 37 38
38 cz 41 42
38 cz 45 46
38 cz 51 52
38 cz 55 56
38 x_1_2 1
38 x_1_2 2
38 x_1_2 5
38 t 6
38 y_1_2 9
38 y_1_2 10
38 y_1_2 15
38 t 16
38 x_1_2 19
38 x_1_2 20
38 y_1_2 25
38 x_1_2 26
38 x_1_2 29
38 x_1_2 30
38 y_1_2 33
38 x_1_2 34
38 x_1_2 39
38 y_1_2 40
38 x_1_2 43
38 x_1_2 44
38 y_1_2 49
38 t 50
38 x_1_2 53
38 y_1_2 54
38 t 57
38 x_1_2 58
39 cz 0 12
39 cz 25 37
39 cz 2 14
39 cz 27 39
39 cz 4 16
39 cz 29 41
39 cz 6 18
39 cz 31 43
39 cz 8 20
39 cz 33 45
39 cz 10 22
39 cz 35 47
39 x_1_2 3
39 x_1_2 7
39 y_1_2 13
39 t 17
39 y_1_2 21
39 t 28
39 t 32
39 x_1_2 38
39 t 42
39 t 46
39 t 51
39 y_1_2 52
39 y_1_2 55
39 x_1_2 56
40 cz 24 36
40 cz 1 13
40 cz 26 38
40 cz 3 15
40 cz 28 40
40 cz 5 17
40 cz 30 42
40 cz 7 19
40 cz 32 44
40 cz 9 21
40 cz 34 46
40 cz 11 23
40 x_1_2 0
40 y_1_2 2
40 t 4
40 y_1_2 6
40 x_1_2 8
40 x_1_2 10
40 y_1_2 12
40 y_1_2 14
40 y_1_2 16
40 t 18
40 t 20
40 t 22
40 x_1_2 25
40 t 27
40 t 29
40 y_1_2 31
40 t 33
40 x_1_2 35
40 t 37
40 t 39
40 t 41
40 y_1_2 43
40 x_1_2 45
40 y_1_2 47
41 cz 0 1
41 cz 4 5
41 cz 8 9
41 cz 14 15
41 cz 18 19
41 cz 22 23
41 cz 24 25
41 cz 28 29
41 cz 32 33
41 cz 38 39
41 cz 42 43
41 cz 46 47
41 cz 48 49
41 cz 52 53
41 cz 56 57
41 y_1_2 3
41 y_1_2 7
41 t 11
41 x_1_2 13
41 x_1_2 17
41 t 21
41 y_1_2 26
41 y_1_2 30
41 y_1_2 34
41 t 36
41 x_1_2 40
41 t 44
42 cz 2 3
42 cz 6 7
42 cz 10 11
42 cz 12 13
42 cz 16 17
42 cz 20 21
42 cz 26 27
42 cz 30 31
42 cz 34 35
42 cz 36 37
42 cz 40 41
42 cz 44 45
42 cz 50 51
42 cz 54 55
42 cz 58 59
42 y_1_2 0
42 t 1
42 x_1_2 4
42 t 5
42 t 8
42 x_1_2 9
42 x_1_2 14
42 t 15
42 y_1_2 18
42 y_1_2 19
42 x_1_2 22
42 t 23
42 y_1_2 24
42 t 25
42 x_1_2 28
42 x_1_2 29
42 x_1_2 32
42 x_1_2 33
42 y_1_2 38
42 y_1_2 39
42 y_1_2 42
42 x_1_2 43
42 y_1_2 46
42 x_1_2 47
42 y_1_2 48
42 t 49
42 x_1_2 52
42 y_1_2 53
42 y_1_2 56
42 x_1_2 57
43 cz 12 24
43 cz 37 49
43 cz 14 26
43 cz 39 51
43 cz 16 28
43 cz 41 53
43 cz 18 30
43 cz 43 55
43 cz 20 32
43 cz 45 57
43 cz 22 34
43 cz 47 59
43 x_1_2 2
43 t 3
43 x_1_2 6
43 x_1_2 7
43 t 10
43 y_1_2 11
43 t 13
43 t 17
43 y_1_2 21
43 x_1_2 27
43 x_1_2 31
43 y_1_2 35
43 x_1_2 36
43 y_1_2 40
43 x_1_2 44
43 x_1_2 50
43 t 54
43 y_1_2 58
44 cz 36 48
44 cz 13 25
44 cz 38 50
44 cz 15 27
44 cz 40 52
44 cz 17 29
44 cz 42 54
44 cz 19 31
44 cz 44 56
44 cz 21 33
44 cz 46 58
44 cz 23 35
44 x_1_2 12
44 t 14
44 t 16
44 t 18
44 x_1_2 20
44 t 22
44 t 24
44 x_1_2 26
44 y_1_2 28
44 x_1_2 30
44 y_1_2 32
44 x_1_2 34
44 x_1_2 37
44 t 39
44 x_1_2 41
44 t 43
44 y_1_2 45
44 y_1_2 47
44 x_1_2 49
44 y_1_2 51
44 t 53
44 t 55
44 y_1_2 57
44 x_1_2 59
45 cz 1 2
45 cz 5 6
45 cz 9 10
45 cz 15 16
45 cz 19 20
45 cz 25 26
45 cz 29 30
45 cz 33 34
45 cz 39 40
45 cz 43 44
45 cz 49 50
45 cz 53 54
45 cz 57 58
45 x_1_2 13
45 x_1_2 17
45 x_1_2 21
45 x_1_2 23
45 t 27
45 y_1_2 31
45 x_1_2 35
45 t 36
45 t 38
45 t 42
45 x_1_2 46
45 t 48
45 y_1_2 52
45 x_1_2 56
46 cz 3 4
46 cz 7 8
46 cz 13 14
46 cz 17 18
46 cz 21 22
46 cz 27 28
46 cz 31 32
46 cz 37 38
46 cz 41 42
46 cz 45 46
46 cz 51 52
46 cz 55 56
46 y_1_2 1
46 t 2
46 x_1_2 5
46 t 6
46 t 9
46 x_1_2 10
46 x_1_2 15
46 y_1_2 16
46 t 19
46 t 20
46 x_1_2 25
46 y_1_2 26
46 t 29
46 t 30
46 t 33
46 t 34
46 y_1_2 39
46 x_1_2 40
46 y_1_2 43
46 y_1_2 44
46 t 49
46 t 50
46 y_1_2 53
46 y_1_2 54
46 x_1_2 57
46 x_1_2 58
47 cz 0 12
47 cz 25 37
47 cz 2 14
47 cz 27 39
47 cz 4 16
47 cz 29 41
47 cz 6 18
47 cz 31 43
47 cz 8 20
47 cz 33 45
47 cz 10 22
47 cz 35 47
47 y_1_2 3
47 t 7
47 t 13
47 t 17
47 y_1_2 21
47 x_1_2 28
47 x_1_2 32
47 x_1_2 38
47 y_1_2 42
47 y_1_2 46
47 x_1_2 51
47 x_1_2 52
47 x_1_2 55
47 y_1_2 56
48 cz 24 36
48 cz 1 13
48 cz 26 38
48 cz 3 15
48 cz 28 40
48 cz 5 17
48 cz 30 42
48 cz 7 19
48 cz 32 44
48 cz 9 21
48 cz 34 46
48 cz 11 23
48 t 0
48 x_1_2 2
48 y_1_2 4
48 y_1_2 6
48 y_1_2 8
48 t 10
48 t 12
48 x_1_2 14
48 x_1_2 16
48 x_1_2 18
48 y_1_2 20
48 x_1_2 22
48 t 25
48 y_1_2 27
48 x_1_2 29
48 x_1_2 31
48 y_1_2 33
48 y_1_2 35
48 y_1_2 37
48 t 39
48 y_1_2 41
48 x_1_2 43
48 t 45
48 t 47
49 cz 0 1
49 cz 4 5
49 cz 8 9
49 cz 14 15
49 cz 18 19
49 cz 22 23
49 cz 24 25
49 cz 28 29
49 cz 32 33
49 cz 38 39
49 cz 42 43
49 cz 46 47
49 cz 48 49
49 cz 52 53
49 cz 56 57
49 x_1_2 3
49 y_1_2 7
49 t 11
49 y_1_2 13
49 x_1_2 17
49 x_1_2 21
49 x_1_2 26
49 y_1_2 30
49 y_1_2 34
49 x_1_2 36
49 y_1_2 40
49 t 44
50 cz 2 3
50 cz 6 7
50 cz 10 11
50 cz 12 13
50 cz 16 17
50 cz 20 21
50 cz 26 27
50 cz 30 31
50 cz 34 35
50 cz 36 37
50 cz 40 41
50 cz 44 45
50 cz 50 51
50 cz 54 55
50 cz 58 59
50 x_1_2 0
50 x_1_2 1
50 t 4
50 t 5
50 x_1_2 8
50 y_1_2 9
50 t 14
50 t 15
50 t 18
50 x_1_2 19
50 t 22
50 y_1_2 23
50 x_1_2 24
50 x_1_2 25
50 t 28
50 t 29
50 y_1_2 32
50 x_1_2 33
50 y_1_2 38
50 y_1_2 39
50 x_1_2 42
50 t 43
50 t 46
50 y_1_2 47
50 x_1_2 48
50 x_1_2 49
50 t 52
50 t 53
50 x_1_2 56
50 t 57
51 cz 12 24
51 cz 37 49
51 cz 14 26
51 cz 39 51
51 cz 16 28
51 cz 41 53
51 cz 18 30
51 cz 43 55
51 cz 20 32
51 cz 45 57
51 cz 22 34
51 cz 47 59
51 t 2
51 y_1_2 3
51 t 6
51 x_1_2 7
51 x_1_2 10
51 y_1_2 11
51 x_1_2 13
51 y_1_2 17
51 t 21
51 t 27
51 y_1_2 31
51 t 35
51 t 36
51 x_1_2 40
51 y_1_2 44
51 x_1_2 50
51 x_1_2 54
51 y_1_2 58
52 cz 36 48
52 cz 13 25
52 cz 38 50
52 cz 15 27
52 cz 40 52
52 cz 17 29
52 cz 42 54
52 cz 19 31
52 cz 44 56
52 cz 21 33
52 cz 46 58
52 cz 23 35
52 x_1_2 12
52 x_1_2 14
52 t 16
52 y_1_2 18
52 t 20
52 x_1_2 22
52 t 24
52 t 26
52 x_1_2 28
52 x_1_2 30
52 t 32
52 t 34
52 x_1_2 37
52 x_1_2 39
52 x_1_2 41
52 x_1_2 43
52 x_1_2 45
52 x_1_2 47
52 t 49
52 y_1_2 51
52 x_1_2 53
52 t 55
52 x_1_2 57
52 y_1_2 59
53 cz 1 2
53 cz 5 6
53 cz 9 10
53 cz 15 16
53 cz 19 20
53 cz 25 26
53 cz 29 30
53 cz 33 34
53 cz 39 40
53 cz 43 44
53 cz 49 50
53 cz 53 54
53 cz 57 58
53 y_1_2 13
53 x_1_2 17
53 x_1_2 21
53 x_1_2 23
53 x_1_2 27
53 x_1_2 31
53 y_1_2 35
53 x_1_2 36
53 x_1_2 38
53 y_1_2 42
53 y_1_2 46
53 t 48
53 y_1_2 52
53 y_1_2 56
54 cz 3 4
54 cz 7 8
54 cz 13 14
54 cz 17 18
54 cz 21 22
54 cz 27 28
54 cz 31 32
54 cz 37 38
54 cz 41 42
54 cz 45 46
54 cz 51 52
54 cz 55 56
54 t 1
54 x_1_2 2
54 x_1_2 5
54 x_1_2 6
54 x_1_2 9
54 t 10
54 y_1_2 15
54 x_1_2 16
54 t 19
54 y_1_2 20
54 y_1_2 25
54 y_1_2 26
54 y_1_2 29
54 y_1_2 30
54 y_1_2 33
54 x_1_2 34
54 y_1_2 39
54 t 40
54 t 43
54 x_1_2 44
54 x_1_2 49
54 y_1_2 50
54 t 53
54 t 54
54 t 57
54 x_1_2 58
55 cz 0 12
55 cz 25 37
55 cz 2 14
55 cz 27 39
55 cz 4 16
55 cz 29 41
55 cz 6 18
55 cz 31 43
55 cz 8 20
55 cz 33 45
55 cz 10 22
55 cz 35 47
55 x_1_2 3
55 y_1_2 7
55 x_1_2 13
55 y_1_2 17
55 t 21
55 y_1_2 28
55 x_1_2 32
55 t 38
55 x_1_2 42
55 x_1_2 46
55 t 51
55 x_1_2 52
55 x_1_2 55
55 x_1_2 56
56 cz 24 36
56 cz 1 13
56 cz 26 38
56 cz 3 15
56 cz 28 40
56 cz 5 17
56 cz 30 42
56 cz 7 19
56 cz 32 44
56 cz 9 21
56 cz 34 46
56 cz 11 23
56 t 0
56 t 2
56 y_1_2 4
56 y_1_2 6
56 y_1_2 8
56 y_1_2 10
56 t 12
56 y_1_2 14
56 t 16
56 t 18
56 x_1_2 20
56 y_1_2 22
56 t 25
56 y_1_2 27
56 t 29
56 y_1_2 31
56 t 33
56 t 35
56 y_1_2 37
56 x_1_2 39
56 t 41
56 y_1_2 43
56 y_1_2 45
56 t 47
57 cz 0 1
57 cz 4 5
57 cz 8 9
57 cz 14 15
57 cz 18 19
57 cz 22 23
57 cz 24 25
57 cz 28 29
57 cz 32 33
57 cz 38 39
57 cz 42 43
57 cz 46 47
57 cz 48 49
57 cz 52 53
57 cz 56 57
57 t 3
57 x_1_2 7
57 t 11
57 t 13
57 x_1_2 17
57 y_1_2 21
57 x_1_2 26
57 t 30
57 t 34
57 t 36
57 y_1_2 40
57 t 44
58 cz 2 3
58 cz 6 7
58 cz 10 11
58 cz 12 13
58 cz 16 17
58 cz 20 21
58 cz 26 27
58 cz 30 31
58 cz 34 35
58 cz 36 37
58 cz 40 41
58 cz 44 45
58 cz 50 51
58 cz 54 55
58 cz 58 59
58 x_1_2 0
58 x_1_2 1
58 t 4
58 t 5
58 x_1_2 8
58 y_1_2 9
58 x_1_2 14
58 x_1_2 15
58 y_1_2 18
58 y_1_2 19
58 x_1_2 22
58 t 23
58 y_1_2 24
58 x_1_2 25
58 x_1_2 28
58 x_1_2 29
58 t 32
58 y_1_2 33
58 x_1_2 38
58 t 39
58 y_1_2 42
58 x_1_2 43
58 t 46
58 x_1_2 47
58 x_1_2 48
58 t 49
58 y_1_2 52
58 x_1_2 53
58 t 56
58 x_1_2 57
59 cz 12 24
59 cz 37 49
59 cz 14 26
59 cz 39 51
59 cz 16 28
59 cz 41 53
59 cz 18 30
59 cz 43 55
59 cz 20 32
59 cz 45 57
59 cz 22 34
59 cz 47 59
59 y_1_2 2
59 x_1_2 3
59 x_1_2 6
59 y_1_2 7
59 t 10
59 x_1_2 11
59 y_1_2 13
59 y_1_2 17
59 t 21
59 t 27
59 x_1_2 31
59 y_1_2 35
59 x_1_2 36
59 t 40
59 x_1_2 44
59 t 50
59 y_1_2 54
59 y_1_2 58
60 cz 36 48
60 cz 13 25
60 cz 38 50
60 cz 15 27
60 cz 40 52
60 cz 17 29
60 cz 42 54
60 cz 19 31
60 cz 44 56
60 cz 21 33
60 cz 46 58
60 cz 23 35
60 x_1_2 12
60 t 14
60 y_1_2 16
60 x_1_2 18
60 t 20
60 t 22
60 t 24
60 y_1_2 26
60 t 28
60 y_1_2 30
60 y_1_2 32
60 y_1_2 34
60 t 37
60 x_1_2 39
60 x_1_2 41
60 y_1_2 43
60 x_1_2 45
60 t 47
60 y_1_2 49
60 y_1_2 51
60 y_1_2 53
60 t 55
60 t 57
60 x_1_2 59
61 cz 1 2
61 cz 5 6
61 cz 9 10
61 cz 15 16
61 cz 19 20
61 cz 25 26
61 cz 29 30
61 cz 33 34
61 cz 39 40
61 cz 43 44
61 cz 49 50
61 cz 53 54
61 cz 57 58
61 t 13
61 x_1_2 17
61 y_1_2 21
61 x_1_2 23
61 y_1_2 27
61 y_1_2 31
61 x_1_2 35
61 y_1_2 36
61 t 38
61 t 42
61 x_1_2 46
61 t 48
61 t 52
61 y_1_2 56
62 cz 3 4
62 cz 7 8
62 cz 13 14
62 cz 17 18
62 cz 21 22
62 cz 27 28
62 cz 31 32
62 cz 37 38
62 cz 41 42
62 cz 45 46
62 cz 51 52
62 cz 55 56
62 t 1
62 x_1_2 2
62 y_1_2 5
62 t 6
62 x_1_2 9
62 x_1_2 10
62 t 15
62 t 16
62 t 19
62 x_1_2 20
62 t 25
62 x_1_2 26
62 y_1_2 29
62 t 30
62 t 33
62 t 34
62 t 39
62 x_1_2 40
62 t 43
62 y_1_2 44
62 t 49
62 x_1_2 50
62 t 53
62 t 54
62 y_1_2 57
62 t 58
63 cz 0 12
63 cz 25 37
63 cz 2 14
63 cz 27 39
63 cz 4 16
63 cz 29 41
63 cz 6 18
63 cz 31 43
63 cz 8 20
63 cz 33 45
63 cz 10 22
63 cz 35 47
63 y_1_2 3
63 t 7
63 y_1_2 13
63 y_1_2 17
63 t 21
63 y_1_2 28
63 t 32
63 y_1_2 38
63 y_1_2 42
63 y_1_2 46
63 t 51
63 x_1_2 52
63 y_1_2 55
63 x_1_2 56
64 cz 24 36
64 cz 1 13
64 cz 26 38
64 cz 3 15
64 cz 28 40
64 cz 5 17
64 cz 30 42
64 cz 7 19
64 cz 32 44
64 cz 9 21
64 cz 34 46
64 cz 11 23
64 t 0
64 y_1_2 2
64 x_1_2 4
64 y_1_2 6
64 y_1_2 8
64 t 10
64 y_1_2 12
64 y_1_2 14
64 x_1_2 16
64 y_1_2 18
64 t 20
64 x_1_2 22
64 y_1_2 25
64 t 27
64 x_1_2 29
64 x_1_2 31
64 x_1_2 33
64 y_1_2 35
64 y_1_2 37
64 x_1_2 39
64 y_1_2 41
64 y_1_2 43
64 t 45
64 x_1_2 47
65 cz 0 1
65 cz 4 5
65 cz 8 9
65 cz 14 15
65 cz 18 19
65 cz 22 23
65 cz 24 25
65 cz 28 29
65 cz 32 33
65 cz 38 39
65 cz 42 43
65 cz 46 47
65 cz 48 49
65 cz 52 53
65 cz 56 57
65 x_1_2 3
65 y_1_2 7
65 t 11
65 t 13
65 x_1_2 17
65 y_1_2 21
65 t 26
65 y_1_2 30
65 y_1_2 34
65 x_1_2 36
65 y_1_2 40
65 x_1_2 44
66 cz 2 3
66 cz 6 7
66 cz 10 11
66 cz 12 13
66 cz 16 17
66 cz 20 21
66 cz 26 27
66 cz 30 31
66 cz 34 35
66 cz 36 37
66 cz 40 41
66 cz 44 45
66 cz 50 51
66 cz 54 55
66 cz 58 59
66 y_1_2 0
66 x_1_2 1
66 t 4
66 x_1_2 5
66 x_1_2 8
66 t 9
66 t 14
66 y_1_2 15
66 t 18
66 y_1_2 19
66 y_1_2 22
66 t 23
66 x_1_2 24
66 x_1_2 25
66 t 28
66 y_1_2 29
66 x_1_2 32
66 t 33
66 t 38
66 t 39
66 x_1_2 42
66 t 43
66 t 46
66 t 47
66 x_1_2 48
66 y_1_2 49
66 t 52
66 x_1_2 53
66 y_1_2 56
66 x_1_2 57
67 cz 12 24
67 cz 37 49
67 cz 14 26
67 cz 39 51
67 cz 16 28
67 cz 41 53
67 cz 18 30
67 cz 43 55
67 cz 20 32
67 cz 45 57
67 cz 22 34
67 cz 47 59
67 x_1_2 2
67 y_1_2 3
67 t 6
67 t 7
67 x_1_2 10
67 x_1_2 11
67 y_1_2 13
67 t 17
67 x_1_2 21
67 x_1_2 27
67 t 31
67 t 35
67 y_1_2 36
67 t 40
67 y_1_2 44
67 y_1_2 50
67 x_1_2 54
67 x_1_2 58
68 cz 36 48
68 cz 13 25
68 cz 38 50
68 cz 15 27
68 cz 40 52
68 cz 17 29
68 cz 42 54
68 cz 19 31
68 cz 44 56
68 cz 21 33
68 cz 46 58
68 cz 23 35
68 x_1_2 12
68 y_1_2 14
68 y_1_2 16
68 y_1_2 18
68 x_1_2 20
68 x_1_2 22
68 y_1_2 24
68 x_1_2 26
68 x_1_2 28
68 x_1_2 30
68 t 32
68 x_1_2 34
68 t 37
68 y_1_2 39
68 t 41
68 y_1_2 43
68 x_1_2 45
68 y_1_2 47
68 x_1_2 49
68 y_1_2 51
68 y_1_2 53
68 t 55
68 y_1_2 57
68 t 59
69 cz 1 2
69 cz 5 6
69 cz 9 10
69 cz 15 16
69 cz 19 20
69 cz 25 26
69 cz 29 30
69 cz 33 34
69 cz 39 40
69 cz 43 44
69 cz 49 50
69 cz 53 54
69 cz 57 58
69 x_1_2 13
69 y_1_2 17
69 t 21
69 x_1_2 23
69 t 27
69 y_1_2 31
69 x_1_2 35
69 x_1_2 36
69 y_1_2 38
69 y_1_2 42
69 y_1_2 46
69 y_1_2 48
69 x_1_2 52
69 t 56
70 cz 3 4
70 cz 7 8
70 cz 13 14
70 cz 17 18
70 cz 21 22
70 cz 27 28
70 cz 31 32
70 cz 37 38
70 cz 41 42
70 cz 45 46
70 cz 51 52
70 cz 55 56
70 y_1_2 1
70 y_1_2 2
70 y_1_2 5
70 x_1_2 6
70 x_1_2 9
70 y_1_2 10
70 x_1_2 15
70 t 16
70 x_1_2 19
70 t 20
70 y_1_2 25
70 y_1_2 26
70 x_1_2 29
70 t 30
70 x_1_2 33
70 y_1_2 34
70 x_1_2 39
70 x_1_2 40
70 t 43
70 t 44
70 y_1_2 49
70 t 50
70 t 53
70 y_1_2 54
70 x_1_2 57
70 t 58
71 cz 0 12
71 cz 25 37
71 cz 2 14
71 cz 27 39
71 cz 4 16
71 cz 29 41
71 cz 6 18
71 cz 31 43
71 cz 8 20
71 cz 33 45
71 cz 10 22
71 cz 35 47
71 x_1_2 3
71 x_1_2 7
71 t 13
71 x_1_2 17
71 x_1_2 21
71 t 28
71 y_1_2 32
71 t 38
71 x_1_2 42
71 t 46
71 x_1_2 51
71 t 52
71 y_1_2 55
71 x_1_2 56
72 cz 24 36
72 cz 1 13
72 cz 26 38
72 cz 3 15
72 cz 28 40
72 cz 5 17
72 cz 30 42
72 cz 7 19
72 cz 32 44
72 cz 9 21
72 cz 34 46
72 cz 11 23
72 x_1_2 0
72 t 2
72 x_1_2 4
72 t 6
72 y_1_2 8
72 t 10
72 t 12
72 t 14
72 x_1_2 16
72 t 18
72 y_1_2 20
72 y_1_2 22
72 x_1_2 25
72 x_1_2 27
72 t 29
72 t 31
72 t 33
72 t 35
72 y_1_2 37
72 t 39
72 y_1_2 41
72 y_1_2 43
72 y_1_2 45
72 x_1_2 47
73 cz 0 1
73 cz 4 5
73 cz 8 9
73 cz 14 15
73 cz 18 19
73 cz 22 23
73 cz 24 25
73 cz 28 29
73 cz 32 33
73 cz 38 39
73 cz 42 43
73 cz 46 47
73 cz 48 49
73 cz 52 53
73 cz 56 57
73 y_1_2 3
73 t 7
73 t 11
73 x_1_2 13
73 y_1_2 17
73 y_1_2 21
73 t 26
73 y_1_2 30
73 x_1_2 34
73 y_1_2 36
73 t 40
73 x_1_2 44
74 cz 2 3
74 cz 6 7
74 cz 10 11
74 cz 12 13
74 cz 16 17
74 cz 20 21
74 cz 26 27
74 cz 30 31
74 cz 34 35
74 cz 36 37
74 cz 40 41
74 cz 44 45
74 cz 50 51
74 cz 54 55
74 cz 58 59
74 y_1_2 0
74 t 1
74 t 4
74 x_1_2 5
74 t 8
74 t 9
74 x_1_2 14
74 t 15
74 y_1_2 18
74 t 19
74 t 22
74 t 23
74 t 24
74 y_1_2 25
74 y_1_2 28
74 y_1_2 29
74 t 32
74 y_1_2 33
74 x_1_2 38
74 x_1_2 39
74 t 42
74 t 43
74 x_1_2 46
74 y_1_2 47
74 t 48
74 x_1_2 49
74 x_1_2 52
74 y_1_2 53
74 t 56
74 t 57
75 cz 12 24
75 cz 37 49
75 cz 14 26
75 cz 39 51
75 cz 16 28
75 cz 41 53
75 cz 18 30
75 cz 43 55
75 cz 20 32
75 cz 45 57
75 cz 22 34
75 cz 47 59
75 y_1_2 2
75 x_1_2 3
75 y_1_2 6
75 y_1_2 7
75 y_1_2 10
75 x_1_2 11
75 y_1_2 13
75 x_1_2 17
75 x_1_2 21
75 t 27
75 x_1_2 31
75 y_1_2 35
75 x_1_2 36
75 x_1_2 40
75 y_1_2 44
75 y_1_2 50
75 t 54
75 x_1_2 58
76 cz 36 48
76 cz 13 25
76 cz 38 50
76 cz 15 27
76 cz 40 52
76 cz 17 29
76 cz 42 54
76 cz 19 31
76 cz 44 56
76 cz 21 33
76 cz 46 58
76 cz 23 35
76 y_1_2 12
76 t 14
76 t 16
76 x_1_2 18
76 t 20
76 x_1_2 22
76 x_1_2 24
76 x_1_2 26
76 x_1_2 28
76 x_1_2 30
76 y_1_2 32
76 t 34
76 t 37
76 t 39
76 t 41
76 x_1_2 43
76 x_1_2 45
76 x_1_2 47
76 t 49
76 t 51
76 t 53
76 t 55
76 y_1_2 57
76 x_1_2 59
77 cz 1 2
77 cz 5 6
77 cz 9 10
77 cz 15 16
77 cz 19 20
77 cz 25 26
77 cz 29 30
77 cz 33 34
77 cz 39 40
77 cz 43 44
77 cz 49 50
77 cz 53 54
77 cz 57 58
77 x_1_2 13
77 y_1_2 17
77 t 21
77 x_1_2 23
77 x_1_2 27
77 y_1_2 31
77 x_1_2 35
77 t 36
77 y_1_2 38
77 x_1_2 42
77 t 46
77 x_1_2 48
77 t 52
77 y_1_2 56
78 cz 3 4
78 cz 7 8
78 cz 13 14
78 cz 17 18
78 cz 21 22
78 cz 27 28
78 cz 31 32
78 cz 37 38
78 cz 41 42
78 cz 45 46
78 cz 51 52
78 cz 55 56
78 y_1_2 1
78 x_1_2 2
78 t 5
78 x_1_2 6
78 x_1_2 9
78 t 10
78 y_1_2 15
78 x_1_2 16
78 x_1_2 19
78 x_1_2 20
78 x_1_2 25
78 y_1_2 26
78 x_1_2 29
78 t 30
78 x_1_2 33
78 y_1_2 34
78 y_1_2 39
78 y_1_2 40
78 t 43
78 x_1_2 44
78 y_1_2 49
78 t 50
78 y_1_2 53
78 y_1_2 54
78 t 57
78 y_1_2 58
79 cz 0 12
79 cz 25 37
79 cz 2 14
79 cz 27 39
79 cz 4 16
79 cz 29 41
79 cz 6 18
79 cz 31 43
79 cz 8 20
79 cz 33 45
79 cz 10 22
79 cz 35 47
79 y_1_2 3
79 t 7
79 t 13
79 t 17
79 y_1_2 21
79 t 28
79 t 32
79 t 38
79 y_1_2 42
79 x_1_2 46
79 x_1_2 51
79 y_1_2 52
79 x_1_2 55
79 t 56
80 cz 24 36
80 cz 1 13
80 cz 26 38
80 cz 3 15
80 cz 28 40
80 cz 5 17
80 cz 30 42
80 cz 7 19
80 cz 32 44
80 cz 9 21
80 cz 34 46
80 cz 11 23
80 x_1_2 0
80 t 2
80 x_1_2 4
80 y_1_2 6
80 x_1_2 8
80 x_1_2 10
80 x_1_2 12
80 x_1_2 14
80 y_1_2 16
80 t 18
80 t 20
80 t 22
80 y_1_2 25
80 y_1_2 27
80 t 29
80 x_1_2 31
80 t 33
80 y_1_2 35
80 y_1_2 37
80 x_1_2 39
80 y_1_2 41
80 x_1_2 43
80 t 45
80 t 47
81 cz 0 1
81 cz 4 5
81 cz 8 9
81 cz 14 15
81 cz 18 19
81 cz 22 23
81 cz 24 25
81 cz 28 29
81 cz 32 33
81 cz 38 39
81 cz 42 43
81 cz 46 47
81 cz 48 49
81 cz 52 53
81 cz 56 57
81 t 3
81 y_1_2 7
81 y_1_2 11
81 y_1_2 13
81 y_1_2 17
81 t 21
81 t 26
81 x_1_2 30
81 x_1_2 34
81 x_1_2 36
81 t 40
81 y_1_2 44
82 cz 2 3
82 cz 6 7
82 cz 10 11
82 cz 12 13
82 cz 16 17
82 cz 20 21
82 cz 26 27
82 cz 30 31
82 cz 34 35
82 cz 36 37
82 cz 40 41
82 cz 44 45
82 cz 50 51
82 cz 54 55
82 cz 58 59
82 t 0
82 x_1_2 1
82 t 4
82 y_1_2 5
82 t 8
82 y_1_2 9
82 t 14
82 t 15
82 y_1_2 18
82 y_1_2 19
82 x_1_2 22
82 t 23
82 y_1_2 24
82 t 25
82 y_1_2 28
82 x_1_2 29
82 x_1_2 32
82 x_1_2 33
82 x_1_2 38
82 t 39
82 x_1_2 42
82 t 43
82 t 46
82 x_1_2 47
82 t 48
82 x_1_2 49
82 t 52
82 x_1_2 53
82 x_1_2 56
82 x_1_2 57
83 cz 12 24
83 cz 37 49
83 cz 14 26
83 cz 39 51
83 cz 16 28
83 cz 41 53
83 cz 18 30
83 cz 43 55
83 cz 20 32
83 cz 45 57
83 cz 22 34
83 cz 47 59
83 x_1_2 2
83 y_1_2 3
83 t 6
83 t 7
83 y_1_2 10
83 x_1_2 11
83 t 13
83 t 17
83 x_1_2 21
83 t 27
83 y_1_2 31
83 t 35
83 t 36
83 x_1_2 40
83 t 44
83 y_1_2 50
83 t 54
83 x_1_2 58
84 cz 36 48
84 cz 13 25
84 cz 38 50
84 cz 15 27
84 cz 40 52
84 cz 17 29
84 cz 42 54
84 cz 19 31
84 cz 44 56
84 cz 21 33
84 cz 46 58
84 cz 23 35
84 t 12
84 y_1_2 14
84 t 16
84 x_1_2 18
84 x_1_2 20
84 t 22
84 x_1_2 24
84 y_1_2 26
84 x_1_2 28
84 y_1_2 30
84 y_1_2 32
84 t 34
84 t 37
84 x_1_2 39
84 x_1_2 41
84 x_1_2 43
84 y_1_2 45
84 y_1_2 47
84 y_1_2 49
84 y_1_2 51
84 y_1_2 53
84 y_1_2 55
84 t 57
84 y_1_2 59
85 cz 1 2
85 cz 5 6
85 cz 9 10
85 cz 15 16
85 cz 19 20
85 cz 25 26
85 cz 29 30
85 cz 33 34
85 cz 39 40
85 cz 43 44
85 cz 49 50
85 cz 53 54
85 cz 57 58
85 x_1_2 13
85 x_1_2 17
85 y_1_2 21
85 x_1_2 23
85 y_1_2 27
85 t 31
85 x_1_2 35
85 y_1_2 36
85 t 38
85 y_1_2 42
85 y_1_2 46
85 x_1_2 48
85 y_1_2 52
85 y_1_2 56
86 cz 3 4
86 cz 7 8
86 cz 13 14
86 cz 17 18
86 cz 21 22
86 cz 27 28
86 cz 31 32
86 cz 37 38
86 cz 41 42
86 cz 45 46
86 cz 51 52
86 cz 55 56
86 y_1_2 1
86 y_1_2 2
86 x_1_2 5
86 x_1_2 6
86 t 9
86 x_1_2 10
86 y_1_2 15
86 x_1_2 16
86 x_1_2 19
86 t 20
86 y_1_2 25
86 t 26
86 y_1_2 29
86 x_1_2 30
86 t 33
86 y_1_2 34
86 y_1_2 39
86 y_1_2 40
86 t 43
86 x_1_2 44
86 t 49
86 x_1_2 50
86 t 53
86 x_1_2 54
86 y_1_2 57
86 y_1_2 58
87 cz 0 12
87 cz 25 37
87 cz 2 14
87 cz 27 39
87 cz 4 16
87 cz 29 41
87 cz 6 18
87 cz 31 43
87 cz 8 20
87 cz 33 45
87 cz 10 22
87 cz 35 47
87 t 3
87 x_1_2 7
87 y_1_2 13
87 y_1_2 17
87 t 21
87 t 28
87 x_1_2 32
87 y_1_2 38
87 x_1_2 42
87 t 46
87 x_1_2 51
87 t 52
87 t 55
87 t 56
88 cz 24 36
88 cz 1 13
88 cz 26 38
88 cz 3 15
88 cz 28 40
88 cz 5 17
88 cz 30 42
88 cz 7 19
88 cz 32 44
88 cz 9 21
88 cz 34 46
88 cz 11 23
88 x_1_2 0
88 x_1_2 2
88 x_1_2 4
88 y_1_2 6
88 y_1_2 8
88 t 10
88 y_1_2 12
88 x_1_2 14
88 y_1_2 16
88 t 18
88 y_1_2 20
88 x_1_2 22
88 x_1_2 25
88 t 27
88 x_1_2 29
88 x_1_2 31
88 y_1_2 33
88 t 35
88 x_1_2 37
88 t 39
88 y_1_2 41
88 x_1_2 43
88 t 45
88 t 47
89 cz 0 1
89 cz 4 5
89 cz 8 9
89 cz 14 15
89 cz 18 19
89 cz 22 23
89 cz 24 25
89 cz 28 29
89 cz 32 33
89 cz 38 39
89 cz 42 43
89 cz 46 47
89 cz 48 49
89 cz 52 53
89 cz 56 57
89 y_1_2 3
89 y_1_2 7
89 t 11
89 t 13
89 t 17
89 y_1_2 21
89 x_1_2 26
89 y_1_2 30
89 t 34
89 x_1_2 36
89 x_1_2 40
89 y_1_2 44
90 cz 2 3
90 cz 6 7
90 cz 10 11
90 cz 12 13
90 cz 16 17
90 cz 20 21
90 cz 26 27
90 cz 30 31
90 cz 34 35
90 cz 36 37
90 cz 40 41
90 cz 44 45
90 cz 50 51
90 cz 54 55
90 cz 58 59
90 t 0
90 t 1
90 t 4
90 t 5
90 x_1_2 8
90 x_1_2 9
90 t 14
90 x_1_2 15
90 y_1_2 18
90 t 19
90 y_1_2 22
90 y_1_2 23
90 t 24
90 t 25
90 y_1_2 28
90 t 29
90 y_1_2 32
90 t 33
90 t 38
90 x_1_2 39
90 t 42
90 t 43
90 y_1_2 46
90 y_1_2 47
90 t 48
90 y_1_2 49
90 y_1_2 52
90 x_1_2 53
90 y_1_2 56
90 t 57
91 cz 12 24
91 cz 37 49
91 cz 14 26
91 cz 39 51
91 cz 16 28
91 cz 41 53
91 cz 18 30
91 cz 43 55
91 cz 20 32
91 cz 45 57
91 cz 22 34
91 cz 47 59
91 y_1_2 2
91 t 3
91 t 6
91 t 7
91 y_1_2 10
91 y_1_2 11
91 y_1_2 13
91 x_1_2 17
91 t 21
91 y_1_2 27
91 t 31
91 y_1_2 35
91 y_1_2 36
91 y_1_2 40
91 x_1_2 44
91 y_1_2 50
91 y_1_2 54
91 t 58
92 cz 36 48
92 cz 13 25
92 cz 38 50
92 cz 15 27
92 cz 40 52
92 cz 17 29
92 cz 42 54
92 cz 19 31
92 cz 44 56
92 cz 21 33
92 cz 46 58
92 cz 23 35
92 t 12
92 x_1_2 14
92 t 16
92 x_1_2 18
92 t 20
92 x_1_2 22
92 x_1_2 24
92 y_1_2 26
92 x_1_2 28
92 x_1_2 30
92 x_1_2 32
92 x_1_2 34
92 t 37
92 t 39
92 t 41
92 y_1_2 43
92 y_1_2 45
92 x_1_2 47
92 x_1_2 49
92 y_1_2 51
92 t 53
92 y_1_2 55
92 y_1_2 57
92 x_1_2 59
93 cz 1 2
93 cz 5 6
93 cz 9 10
93 cz 15 16
93 cz 19 20
93 cz 25 26
93 cz 29 30
93 cz 33 34
93 cz 39 40
93 cz 43 44
93 cz 49 50
93 cz 53 54
93 cz 57 58
93 t 13
93 t 17
93 y_1_2 21
93 t 23
93 x_1_2 27
93 x_1_2 31
93 x_1_2 35
93 t 36
93 x_1_2 38
93 y_1_2 42
93 t 46
93 y_1_2 48
93 x_1_2 52
93 x_1_2 56
94 cz 3 4
94 cz 7 8
94 cz 13 14
94 cz 17 18
94 cz 21 22
94 cz 27 28
94 cz 31 32
94 cz 37 38
94 cz 41 42
94 cz 45 46
94 cz 51 52
94 cz 55 56
94 y_1_2 1
94 x_1_2 2
94 x_1_2 5
94 y_1_2 6
94 y_1_2 9
94 x_1_2 10
94 y_1_2 15
94 x_1_2 16
94 x_1_2 19
94 y_1_2 20
94 x_1_2 25
94 x_1_2 26
94 y_1_2 29
94 y_1_2 30
94 x_1_2 33
94 t 34
94 y_1_2 39
94 x_1_2 40
94 t 43
94 y_1_2 44
94 t 49
94 x_1_2 50
94 y_1_2 53
94 t 54
94 x_1_2 57
94 y_1_2 58
95 cz 0 12
95 cz 25 37
95 cz 2 14
95 cz 27 39
95 cz 4 16
95 cz 29 41
95 cz 6 18
95 cz 31 43
95 cz 8 20
95 cz 33 45
95 cz 10 22
95 cz 35 47
95 y_1_2 3
95 x_1_2 7
95 x_1_2 13
95 y_1_2 17
95 x_1_2 21
95 y_1_2 28
95 t 32
95 y_1_2 38
95 x_1_2 42
95 x_1_2 46
95 x_1_2 51
95 t 52
95 x_1_2 55
95 y_1_2 56
96 cz 24 36
96 cz 1 13
96 cz 26 38
96 cz 3 15
96 cz 28 40
96 cz 5 17
96 cz 30 42
96 cz 7 19
96 cz 32 44
96 cz 9 21
96 cz 34 46
96 cz 11 23
96 y_1_2 0
96 t 2
96 y_1_2 4
96 x_1_2 6
96 y_1_2 8
96 y_1_2 10
96 y_1_2 12
96 t 14
96 y_1_2 16
96 y_1_2 18
96 x_1_2 20
96 t 22
96 y_1_2 25
96 t 27
96 x_1_2 29
96 t 31
96 y_1_2 33
96 y_1_2 35
96 x_1_2 37
96 x_1_2 39
96 x_1_2 41
96 y_1_2 43
96 t 45
96 y_1_2 47
97 cz 0 1
97 cz 4 5
97 cz 8 9
97 cz 14 15
97 cz 18 19
97 cz 22 23
97 cz 24 25
97 cz 28 29
97 cz 32 33
97 cz 38 39
97 cz 42 43
97 cz 46 47
97 cz 48 49
97 cz 52 53
97 cz 56 57
97 x_1_2 3
97 y_1_2 7
97 t 11
97 y_1_2 13
97 t 17
97 y_1_2 21
97 t 26
97 t 30
97 x_1_2 34
97 y_1_2 36
97 y_1_2 40
97 t 44
98 cz 2 3
98 cz 6 7
98 cz 10 11
98 cz 12 13
98 cz 16 17
98 cz 20 21
98 cz 26 27
98 cz 30 31
98 cz 34 35
98 cz 36 37
98 cz 40 41
98 cz 44 45
98 cz 50 51
98 cz 54 55
98 cz 58 59
98 x_1_2 0
98 t 1
98 x_1_2 4
98 t 5
98 t 8
98 x_1_2 9
98 x_1_2 14
98 t 15
98 x_1_2 18
98 t 19
98 y_1_2 22
98 y_1_2 23
98 y_1_2 24
98 t 25
98 x_1_2 28
98 y_1_2 29
98 y_1_2 32
98 x_1_2 33
98 t 38
98 t 39
98 y_1_2 42
98 x_1_2 43
98 t 46
98 t 47
98 t 48
98 y_1_2 49
98 x_1_2 52
98 t 53
98 x_1_2 56
98 t 57
99 cz 12 24
99 cz 37 49
99 cz 14 26
99 cz 39 51
99 cz 16 28
99 cz 41 53
99 cz 18 30
99 cz 43 55
99 cz 20 32
99 cz 45 57
99 cz 22 34
99 cz 47 59
99 y_1_2 2
99 t 3
99 y_1_2 6
99 x_1_2 7
99 t 10
99 y_1_2 11
99 t 13
99 x_1_2 17
99 t 21
99 y_1_2 27
99 y_1_2 31
99 t 35
99 x_1_2 36
99 t 40
99 x_1_2 44
99 t 50
99 x_1_2 54
99 x_1_2 58
100 cz 36 48
100 cz 13 25
100 cz 38 50
100 cz 15 27
100 cz 40 52
100 cz 17 29
100 cz 42 54
100 cz 19 31
100 cz 44 56
100 cz 21 33
100 cz 46 58
100 cz 23 35
100 x_1_2 12
100 t 14
100 t 16
100 y_1_2 18
100 t 20
100 x_1_2 22
100 t 24
100 y_1_2 26
100 y_1_2 28
100 y_1_2 30
100 t 32
100 t 34
100 t 37
100 y_1_2 39
100 t 41
100 t 43
100 y_1_2 45
100 y_1_2 47
100 x_1_2 49
100 y_1_2 51
100 y_1_2 53
100 y_1_2 55
100 y_1_2 57
100 y_1_2 59
