64
0 h 0
0 h 1
0 h 2
0 h 3
0 h 4
0 h 5
0 h 6
0 h 7
0 h 8
0 h 9
0 h 10
0 h 11
0 h 12
0 h 13
0 h 14
0 h 15
0 h 16
0 h 17
0 h 18
0 h 19
0 h 20
0 h 21
0 h 22
0 h 23
0 h 24
0 h 25
0 h 26
0 h 27
0 h 28
0 h 29
0 h 30
0 h 31
0 h 32
0 h 33
0 h 34
0 h 35
0 h 36
0 h 37
0 h 38
0 h 39
0 h 40
0 h 41
0 h 42
0 h 43
0 h 44
0 h 45
0 h 46
0 h 47
0 h 48
0 h 49
0 h 50
0 h 51
0 h 52
0 h 53
0 h 54
0 h 55
0 h 56
0 h 57
0 h 58
0 h 59
0 h 60
0 h 61
0 h 62
0 h 63
1 cz 0 1
1 cz 4 5
1 cz 10 11
1 cz 14 15
1 cz 16 17
1 cz 20 21
1 cz 26 27
1 cz 30 31
1 cz 32 33
1 cz 36 37
1 cz 42 43
1 cz 46 47
1 cz 48 49
1 cz 52 53
1 cz 58 59
1 cz 62 63
2 cz 2 3
2 cz 6 7
2 cz 8 9
2 cz 12 13
2 cz 18 19
2 cz 22 23
2 cz 24 25
2 cz 28 29
2 cz 34 35
2 cz 38 39
2 cz 40 41
2 cz 44 45
2 cz 50 51
2 cz 54 55
2 cz 56 57
2 cz 60 61
2 t 0
2 t 1
2 t 4
2 t 5
2 t 10
2 t 11
2 t 14
2 t 15
2 t 16
2 t 17
2 t 20
2 t 21
2 t 26
2 t 27
2 t 30
2 t 31
2 t 32
2 t 33
2 t 36
2 t 37
2 t 42
2 t 43
2 t 46
2 t 47
2 t 48
2 t 49
2 t 52
2 t 53
2 t 58
2 t 59
2 t 62
2 t 63
3 cz 1 2
3 cz 5 6
3 cz 11 12
3 cz 17 18
3 cz 21 22
3 cz 27 28
3 cz 33 34
3 cz 37 38
3 cz 43 44
3 cz 49 50
3 cz 53 54
3 cz 59 60
3 t 3
3 t 7
3 t 8
3 t 9
3 t 13
3 t 19
3 t 23
3 t 24
3 t 25
3 t 29
3 t 35
3 t 39
3 t 40
3 t 41
3 t 45
3 t 51
3 t 55
3 t 56
3 t 57
3 t 61
4 cz 3 4
4 cz 9 10
4 cz 13 14
4 cz 19 20
4 cz 25 26
4 cz 29 30
4 cz 35 36
4 cz 41 42
4 cz 45 46
4 cz 51 52
4 cz 57 58
4 cz 61 62
4 y_1_2 1
4 t 2
4 y_1_2 5
4 t 6
4 x_1_2 11
4 t 12
4 x_1_2 17
4 t 18
4 y_1_2 21
4 t 22
4 x_1_2 27
4 t 28
4 y_1_2 33
4 t 34
4 x_1_2 37
4 t 38
4 x_1_2 43
4 t 44
4 y_1_2 49
4 t 50
4 y_1_2 53
4 t 54
4 y_1_2 59
4 t 60
5 cz 16 24
5 cz 48 56
5 cz 1 9
5 cz 33 41
5 cz 18 26
5 cz 50 58
5 cz 3 11
5 cz 35 43
5 cz 20 28
5 cz 52 60
5 cz 5 13
5 cz 37 45
5 cz 22 30
5 cz 54 62
5 cz 7 15
5 cz 39 47
5 x_1_2 4
5 y_1_2 10
5 y_1_2 14
5 x_1_2 19
5 y_1_2 25
5 y_1_2 29
5 y_1_2 36
5 y_1_2 42
5 x_1_2 46
5 y_1_2 51
5 y_1_2 57
5 y_1_2 61
6 cz 0 8
6 cz 32 40
6 cz 17 25
6 cz 49 57
6 cz 2 10
6 cz 34 42
6 cz 19 27
6 cz 51 59
6 cz 4 12
6 cz 36 44
6 cz 21 29
6 cz 53 61
6 cz 6 14
6 cz 38 46
6 cz 23 31
6 cz 55 63
6 t 1
6 x_1_2 3
6 t 5
6 y_1_2 7
6 y_1_2 9
6 y_1_2 11
6 x_1_2 13
6 y_1_2 15
6 x_1_2 16
6 y_1_2 18
6 y_1_2 20
6 x_1_2 22
6 y_1_2 24
6 x_1_2 26
6 y_1_2 28
6 y_1_2 30
6 t 33
6 x_1_2 35
6 y_1_2 37
6 x_1_2 39
6 x_1_2 41
6 y_1_2 43
6 x_1_2 45
6 y_1_2 47
6 x_1_2 48
6 y_1_2 50
6 y_1_2 52
6 x_1_2 54
6 x_1_2 56
6 x_1_2 58
6 y_1_2 60
6 y_1_2 62
7 cz 24 32
7 cz 9 17
7 cz 41 49
7 cz 26 34
7 cz 11 19
7 cz 43 51
7 cz 28 36
7 cz 13 21
7 cz 45 53
7 cz 30 38
7 cz 15 23
7 cz 47 55
7 x_1_2 0
7 y_1_2 2
7 y_1_2 4
7 y_1_2 6
7 y_1_2 8
7 x_1_2 10
7 y_1_2 12
7 x_1_2 14
7 x_1_2 25
7 t 27
7 x_1_2 29
7 x_1_2 31
7 y_1_2 40
7 t 42
7 x_1_2 44
7 t 46
7 x_1_2 57
7 x_1_2 59
7 t 61
7 x_1_2 63
8 cz 8 16
8 cz 40 48
8 cz 25 33
8 cz 10 18
8 cz 42 50
8 cz 27 35
8 cz 12 20
8 cz 44 52
8 cz 29 37
8 cz 14 22
8 cz 46 54
8 cz 31 39
8 x_1_2 9
8 x_1_2 11
8 y_1_2 13
8 x_1_2 15
8 y_1_2 17
8 y_1_2 19
8 x_1_2 21
8 x_1_2 23
8 x_1_2 24
8 t 26
8 x_1_2 28
8 x_1_2 30
8 y_1_2 32
8 y_1_2 34
8 x_1_2 36
8 y_1_2 38
8 t 41
8 x_1_2 43
8 y_1_2 45
8 x_1_2 47
8 x_1_2 49
8 t 51
8 x_1_2 53
8 x_1_2 55
9 cz 0 1
9 cz 4 5
9 cz 10 11
9 cz 14 15
9 cz 16 17
9 cz 20 21
9 cz 26 27
9 cz 30 31
9 cz 32 33
9 cz 36 37
9 cz 42 43
9 cz 46 47
9 cz 48 49
9 cz 52 53
9 cz 58 59
9 cz 62 63
9 x_1_2 8
9 x_1_2 12
9 t 18
9 y_1_2 22
9 t 25
9 t 29
9 y_1_2 35
9 t 39
9 x_1_2 40
9 t 44
9 t 50
9 y_1_2 54
10 cz 2 3
10 cz 6 7
10 cz 8 9
10 cz 12 13
10 cz 18 19
10 cz 22 23
10 cz 24 25
10 cz 28 29
10 cz 34 35
10 cz 38 39
10 cz 40 41
10 cz 44 45
10 cz 50 51
10 cz 54 55
10 cz 56 57
10 cz 60 61
10 t 0
10 y_1_2 1
10 x_1_2 4
10 y_1_2 5
10 y_1_2 10
10 t 11
10 y_1_2 14
10 y_1_2 15
10 y_1_2 16
10 t 17
10 t 20
10 y_1_2 21
10 x_1_2 26
10 x_1_2 27
10 y_1_2 30
10 t 31
10 t 32
10 x_1_2 33
10 y_1_2 36
10 x_1_2 37
10 x_1_2 42
10 t 43
10 x_1_2 46
10 t 47
10 t 48
10 y_1_2 49
10 t 52
10 t 53
10 y_1_2 58
10 t 59
10 t 62
10 y_1_2 63
11 cz 1 2
11 cz 5 6
11 cz 11 12
11 cz 17 18
11 cz 21 22
11 cz 27 28
11 cz 33 34
11 cz 37 38
11 cz 43 44
11 cz 49 50
11 cz 53 54
11 cz 59 60
11 t 3
11 t 7
11 y_1_2 8
11 y_1_2 9
11 x_1_2 13
11 t 19
11 y_1_2 23
11 y_1_2 24
11 x_1_2 25
11 y_1_2 29
11 x_1_2 35
11 x_1_2 39
11 t 40
11 y_1_2 41
11 t 45
11 x_1_2 51
11 t 55
11 t 56
11 y_1_2 57
11 y_1_2 61
12 cz 3 4
12 cz 9 10
12 cz 13 14
12 cz 19 20
12 cz 25 26
12 cz 29 30
12 cz 35 36
12 cz 41 42
12 cz 45 46
12 cz 51 52
12 cz 57 58
12 cz 61 62
12 t 1
12 t 2
12 x_1_2 5
12 t 6
12 y_1_2 11
12 t 12
12 y_1_2 17
12 x_1_2 18
12 t 21
12 t 22
12 t 27
12 y_1_2 28
12 t 33
12 t 34
12 t 37
12 x_1_2 38
12 y_1_2 43
12 y_1_2 44
12 x_1_2 49
12 x_1_2 50
12 x_1_2 53
12 x_1_2 54
12 x_1_2 59
12 t 60
13 cz 16 24
13 cz 48 56
13 cz 1 9
13 cz 33 41
13 cz 18 26
13 cz 50 58
13 cz 3 11
13 cz 35 43
13 cz 20 28
13 cz 52 60
13 cz 5 13
13 cz 37 45
13 cz 22 30
13 cz 54 62
13 cz 7 15
13 cz 39 47
13 t 4
13 t 10
13 x_1_2 14
13 x_1_2 19
13 y_1_2 25
13 x_1_2 29
13 t 36
13 t 42
13 y_1_2 46
13 t 51
13 x_1_2 57
13 t 61
14 cz 0 8
14 cz 32 40
14 cz 17 25
14 cz 49 57
14 cz 2 10
14 cz 34 42
14 cz 19 27
14 cz 51 59
14 cz 4 12
14 cz 36 44
14 cz 21 29
14 cz 53 61
14 cz 6 14
14 cz 38 46
14 cz 23 31
14 cz 55 63
14 x_1_2 1
14 x_1_2 3
14 t 5
14 y_1_2 7
14 t 9
14 x_1_2 11
14 y_1_2 13
14 x_1_2 15
14 t 16
14 t 18
14 x_1_2 20
14 y_1_2 22
14 x_1_2 24
14 y_1_2 26
14 t 28
14 x_1_2 30
14 y_1_2 33
14 t 35
14 y_1_2 37
14 y_1_2 39
14 t 41
14 x_1_2 43
14 x_1_2 45
14 x_1_2 47
14 y_1_2 48
14 t 50
14 y_1_2 52
14 y_1_2 54
14 x_1_2 56
14 t 58
14 y_1_2 60
14 y_1_2 62
15 cz 24 32
15 cz 9 17
15 cz 41 49
15 cz 26 34
15 cz 11 19
15 cz 43 51
15 cz 28 36
15 cz 13 21
15 cz 45 53
15 cz 30 38
15 cz 15 23
15 cz 47 55
15 x_1_2 0
15 y_1_2 2
15 x_1_2 4
15 y_1_2 6
15 t 8
15 x_1_2 10
15 x_1_2 12
15 t 14
15 x_1_2 25
15 y_1_2 27
15 t 29
15 y_1_2 31
15 y_1_2 40
15 x_1_2 42
15 x_1_2 44
15 t 46
15 t 57
15 t 59
15 y_1_2 61
15 x_1_2 63
16 cz 8 16
16 cz 40 48
16 cz 25 33
16 cz 10 18
16 cz 42 50
16 cz 27 35
16 cz 12 20
16 cz 44 52
16 cz 29 37
16 cz 14 22
16 cz 46 54
16 cz 31 39
16 y_1_2 9
16 y_1_2 11
16 x_1_2 13
16 t 15
16 x_1_2 17
16 y_1_2 19
16 y_1_2 21
16 x_1_2 23
16 y_1_2 24
16 x_1_2 26
16 x_1_2 28
16 y_1_2 30
16 x_1_2 32
16 y_1_2 34
16 x_1_2 36
16 t 38
16 x_1_2 41
16 y_1_2 43
16 y_1_2 45
16 t 47
16 y_1_2 49
16 x_1_2 51
16 t 53
16 y_1_2 55
17 cz 0 1
17 cz 4 5
17 cz 10 11
17 cz 14 15
17 cz 16 17
17 cz 20 21
17 cz 26 27
17 cz 30 31
17 cz 32 33
17 cz 36 37
17 cz 42 43
17 cz 46 47
17 cz 48 49
17 cz 52 53
17 cz 58 59
17 cz 62 63
17 x_1_2 8
17 t 12
17 y_1_2 18
17 t 22
17 t 25
17 x_1_2 29
17 x_1_2 35
17 t 39
17 x_1_2 40
17 t 44
17 x_1_2 50
17 t 54
18 cz 2 3
18 cz 6 7
18 cz 8 9
18 cz 12 13
18 cz 18 19
18 cz 22 23
18 cz 24 25
18 cz 28 29
18 cz 34 35
18 cz 38 39
18 cz 40 41
18 cz 44 45
18 cz 50 51
18 cz 54 55
18 cz 56 57
18 cz 60 61
18 t 0
18 t 1
18 y_1_2 4
18 x_1_2 5
18 y_1_2 10
18 x_1_2 11
18 x_1_2 14
18 x_1_2 15
18 y_1_2 16
18 t 17
18 t 20
18 x_1_2 21
18 y_1_2 26
18 x_1_2 27
18 x_1_2 30
18 t 31
18 y_1_2 32
18 x_1_2 33
18 t 36
18 t 37
18 y_1_2 42
18 t 43
18 x_1_2 46
18 x_1_2 47
18 x_1_2 48
18 t 49
18 t 52
18 y_1_2 53
18 y_1_2 58
18 x_1_2 59
18 t 62
18 y_1_2 63
19 cz 1 2
19 cz 5 6
19 cz 11 12
19 cz 17 18
19 cz 21 22
19 cz 27 28
19 cz 33 34
19 cz 37 38
19 cz 43 44
19 cz 49 50
19 cz 53 54
19 cz 59 60
19 t 3
19 x_1_2 7
19 t 8
19 t 9
19 t 13
19 x_1_2 19
19 y_1_2 23
19 x_1_2 24
19 x_1_2 25
19 y_1_2 29
19 t 35
19 x_1_2 39
19 t 40
19 t 41
19 x_1_2 45
19 t 51
19 t 55
19 t 56
19 x_1_2 57
19 x_1_2 61
20 cz 3 4
20 cz 9 10
20 cz 13 14
20 cz 19 20
20 cz 25 26
20 cz 29 30
20 cz 35 36
20 cz 41 42
20 cz 45 46
20 cz 51 52
20 cz 57 58
20 cz 61 62
20 x_1_2 1
20 x_1_2 2
20 y_1_2 5
20 t 6
20 t 11
20 y_1_2 12
20 y_1_2 17
20 t 18
20 y_1_2 21
20 x_1_2 22
20 t 27
20 t 28
20 y_1_2 33
20 t 34
20 y_1_2 37
20 x_1_2 38
20 x_1_2 43
20 y_1_2 44
20 y_1_2 49
20 y_1_2 50
20 t 53
20 x_1_2 54
20 t 59
20 x_1_2 60
21 cz 16 24
21 cz 48 56
21 cz 1 9
21 cz 33 41
21 cz 18 26
21 cz 50 58
21 cz 3 11
21 cz 35 43
21 cz 20 28
21 cz 52 60
21 cz 5 13
21 cz 37 45
21 cz 22 30
21 cz 54 62
21 cz 7 15
21 cz 39 47
21 x_1_2 4
21 x_1_2 10
21 y_1_2 14
21 y_1_2 19
21 t 25
21 t 29
21 y_1_2 36
21 t 42
21 t 46
21 x_1_2 51
21 t 57
21 y_1_2 61
22 cz 0 8
22 cz 32 40
22 cz 17 25
22 cz 49 57
22 cz 2 10
22 cz 34 42
22 cz 19 27
22 cz 51 59
22 cz 4 12
22 cz 36 44
22 cz 21 29
22 cz 53 61
22 cz 6 14
22 cz 38 46
22 cz 23 31
22 cz 55 63
22 t 1
22 x_1_2 3
22 t 5
22 y_1_2 7
22 y_1_2 9
22 y_1_2 11
22 y_1_2 13
22 y_1_2 15
22 x_1_2 16
22 y_1_2 18
22 y_1_2 20
22 y_1_2 22
22 y_1_2 24
22 x_1_2 26
22 y_1_2 28
22 t 30
22 x_1_2 33
22 y_1_2 35
22 x_1_2 37
22 t 39
22 y_1_2 41
22 t 43
22 y_1_2 45
22 y_1_2 47
22 y_1_2 48
22 x_1_2 50
22 x_1_2 52
22 t 54
22 y_1_2 56
22 t 58
22 t 60
22 y_1_2 62
