36
0 h 0
0 h 1
0 h 2
0 h 3
0 h 4
0 h 5
0 h 6
0 h 7
0 h 8
0 h 9
0 h 10
0 h 11
0 h 12
0 h 13
0 h 14
0 h 15
0 h 16
0 h 17
0 h 18
0 h 19
0 h 20
0 h 21
0 h 22
0 h 23
0 h 24
0 h 25
0 h 26
0 h 27
0 h 28
0 h 29
0 h 30
0 h 31
0 h 32
0 h 33
0 h 34
0 h 35
1 cz 0 1
1 cz 4 5
1 cz 8 9
1 cz 12 13
1 cz 16 17
1 cz 20 21
1 cz 24 25
1 cz 28 29
1 cz 32 33
2 cz 2 3
2 cz 6 7
2 cz 10 11
2 cz 14 15
2 cz 18 19
2 cz 22 23
2 cz 26 27
2 cz 30 31
2 cz 34 35
2 t 0
2 t 1
2 t 4
2 t 5
2 t 8
2 t 9
2 t 12
2 t 13
2 t 16
2 t 17
2 t 20
2 t 21
2 t 24
2 t 25
2 t 28
2 t 29
2 t 32
2 t 33
3 cz 6 12
3 cz 8 14
3 cz 10 16
3 cz 19 25
3 cz 21 27
3 cz 23 29
3 t 2
3 t 3
3 t 7
3 t 11
3 t 15
3 t 18
3 t 22
3 t 26
3 t 30
3 t 31
3 t 34
3 t 35
4 cz 7 13
4 cz 9 15
4 cz 11 17
4 cz 18 24
4 cz 20 26
4 cz 22 28
4 t 6
4 x_1_2 8
4 t 10
4 y_1_2 12
4 t 14
4 y_1_2 16
4 t 19
4 x_1_2 21
4 t 23
4 x_1_2 25
4 t 27
4 y_1_2 29
5 cz 1 2
5 cz 9 10
5 cz 13 14
5 cz 21 22
5 cz 25 26
5 cz 33 34
5 x_1_2 7
5 y_1_2 11
5 x_1_2 15
5 y_1_2 17
5 x_1_2 18
5 y_1_2 20
5 y_1_2 24
5 y_1_2 28
6 cz 3 4
6 cz 7 8
6 cz 15 16
6 cz 19 20
6 cz 27 28
6 cz 31 32
6 y_1_2 1
6 y_1_2 2
6 y_1_2 9
6 y_1_2 10
6 x_1_2 13
6 x_1_2 14
6 y_1_2 21
6 x_1_2 22
6 t 25
6 y_1_2 26
6 y_1_2 33
6 x_1_2 34
7 cz 0 6
7 cz 2 8
7 cz 4 10
7 cz 13 19
7 cz 15 21
7 cz 17 23
7 cz 24 30
7 cz 26 32
7 cz 28 34
7 x_1_2 3
7 y_1_2 7
7 t 16
7 t 20
7 y_1_2 27
7 x_1_2 31
8 cz 1 7
8 cz 3 9
8 cz 5 11
8 cz 12 18
8 cz 14 20
8 cz 16 22
8 cz 25 31
8 cz 27 33
8 cz 29 35
8 x_1_2 0
8 t 2
8 x_1_2 4
8 x_1_2 6
8 t 8
8 t 10
8 t 13
8 y_1_2 15
8 x_1_2 17
8 x_1_2 19
8 x_1_2 21
8 y_1_2 23
8 t 24
8 t 26
8 t 28
8 x_1_2 30
8 x_1_2 32
8 y_1_2 34
9 cz 0 1
9 cz 4 5
9 cz 8 9
9 cz 12 13
9 cz 16 17
9 cz 20 21
9 cz 24 25
9 cz 28 29
9 cz 32 33
9 y_1_2 3
9 x_1_2 7
9 x_1_2 11
9 y_1_2 14
9 y_1_2 18
9 t 22
9 t 27
9 t 31
9 y_1_2 35
10 cz 2 3
10 cz 6 7
10 cz 10 11
10 cz 14 15
10 cz 18 19
10 cz 22 23
10 cz 26 27
10 cz 30 31
10 cz 34 35
10 t 0
10 x_1_2 1
10 y_1_2 4
10 x_1_2 5
10 y_1_2 8
10 x_1_2 9
10 t 12
10 y_1_2 13
10 y_1_2 16
10 y_1_2 17
10 y_1_2 20
10 t 21
10 x_1_2 24
10 x_1_2 25
10 x_1_2 28
10 t 29
10 t 32
10 t 33
11 cz 6 12
11 cz 8 14
11 cz 10 16
11 cz 19 25
11 cz 21 27
11 cz 23 29
11 y_1_2 2
11 x_1_2 3
11 y_1_2 7
11 y_1_2 11
11 x_1_2 15
11 t 18
11 x_1_2 22
11 y_1_2 26
11 y_1_2 30
11 x_1_2 31
11 x_1_2 34
11 x_1_2 35
12 cz 7 13
12 cz 9 15
12 cz 11 17
12 cz 18 24
12 cz 20 26
12 cz 22 28
12 y_1_2 6
12 x_1_2 8
12 x_1_2 10
12 x_1_2 12
12 x_1_2 14
12 x_1_2 16
12 t 19
12 x_1_2 21
12 t 23
12 y_1_2 25
12 x_1_2 27
12 x_1_2 29
13 cz 1 2
13 cz 9 10
13 cz 13 14
13 cz 21 22
13 cz 25 26
13 cz 33 34
13 t 7
13 x_1_2 11
13 y_1_2 15
13 t 17
13 x_1_2 18
13 x_1_2 20
13 t 24
13 t 28
14 cz 3 4
14 cz 7 8
14 cz 15 16
14 cz 19 20
14 cz 27 28
14 cz 31 32
14 y_1_2 1
14 t 2
14 t 9
14 t 10
14 t 13
14 y_1_2 14
14 y_1_2 21
14 y_1_2 22
14 t 25
14 x_1_2 26
14 y_1_2 33
14 y_1_2 34
15 cz 0 6
15 cz 2 8
15 cz 4 10
15 cz 13 19
15 cz 15 21
15 cz 17 23
15 cz 24 30
15 cz 26 32
15 cz 28 34
15 t 3
15 x_1_2 7
15 y_1_2 16
15 y_1_2 20
15 t 27
15 t 31
16 cz 1 7
16 cz 3 9
16 cz 5 11
16 cz 12 18
16 cz 14 20
16 cz 16 22
16 cz 25 31
16 cz 27 33
16 cz 29 35
16 x_1_2 0
16 x_1_2 2
16 t 4
16 t 6
16 t 8
16 y_1_2 10
16 y_1_2 13
16 t 15
16 x_1_2 17
16 x_1_2 19
16 x_1_2 21
16 x_1_2 23
16 y_1_2 24
16 t 26
16 y_1_2 28
16 t 30
16 x_1_2 32
16 t 34
17 cz 0 1
17 cz 4 5
17 cz 8 9
17 cz 12 13
17 cz 16 17
17 cz 20 21
17 cz 24 25
17 cz 28 29
17 cz 32 33
17 x_1_2 3
17 t 7
17 t 11
17 t 14
17 t 18
17 x_1_2 22
17 y_1_2 27
17 x_1_2 31
17 t 35
18 cz 2 3
18 cz 6 7
18 cz 10 11
18 cz 14 15
18 cz 18 19
18 cz 22 23
18 cz 26 27
18 cz 30 31
18 cz 34 35
18 t 0
18 x_1_2 1
18 x_1_2 4
18 t 5
18 y_1_2 8
18 x_1_2 9
18 y_1_2 12
18 x_1_2 13
18 x_1_2 16
18 t 17
18 x_1_2 20
18 y_1_2 21
18 t 24
18 y_1_2 25
18 x_1_2 28
18 y_1_2 29
18 t 32
18 t 33
19 cz 6 12
19 cz 8 14
19 cz 10 16
19 cz 19 25
19 cz 21 27
19 cz 23 29
19 t 2
19 t 3
19 x_1_2 7
19 y_1_2 11
19 y_1_2 15
19 y_1_2 18
19 y_1_2 22
19 x_1_2 26
19 y_1_2 30
19 t 31
19 x_1_2 34
19 x_1_2 35
20 cz 7 13
20 cz 9 15
20 cz 11 17
20 cz 18 24
20 cz 20 26
20 cz 22 28
20 x_1_2 6
20 t 8
20 t 10
20 t 12
20 x_1_2 14
20 y_1_2 16
20 y_1_2 19
20 t 21
20 y_1_2 23
20 t 25
20 x_1_2 27
20 t 29
21 cz 1 2
21 cz 9 10
21 cz 13 14
21 cz 21 22
21 cz 25 26
21 cz 33 34
21 t 7
21 x_1_2 11
21 x_1_2 15
21 y_1_2 17
21 x_1_2 18
21 t 20
21 y_1_2 24
21 t 28
22 cz 3 4
22 cz 7 8
22 cz 15 16
22 cz 19 20
22 cz 27 28
22 cz 31 32
22 t 1
22 x_1_2 2
22 t 9
22 y_1_2 10
22 y_1_2 13
22 t 14
22 x_1_2 21
22 x_1_2 22
22 y_1_2 25
22 t 26
22 y_1_2 33
22 t 34
23 cz 0 6
23 cz 2 8
23 cz 4 10
23 cz 13 19
23 cz 15 21
23 cz 17 23
23 cz 24 30
23 cz 26 32
23 cz 28 34
23 y_1_2 3
23 y_1_2 7
23 t 16
23 y_1_2 20
23 y_1_2 27
23 y_1_2 31
24 cz 1 7
24 cz 3 9
24 cz 5 11
24 cz 12 18
24 cz 14 20
24 cz 16 22
24 cz 25 31
24 cz 27 33
24 cz 29 35
24 x_1_2 0
24 t 2
24 y_1_2 4
24 t 6
24 y_1_2 8
24 t 10
24 t 13
24 y_1_2 15
24 x_1_2 17
24 x_1_2 19
24 y_1_2 21
24 x_1_2 23
24 x_1_2 24
24 y_1_2 26
24 y_1_2 28
24 t 30
24 y_1_2 32
24 x_1_2 34
25 cz 0 1
25 cz 4 5
25 cz 8 9
25 cz 12 13
25 cz 16 17
25 cz 20 21
25 cz 24 25
25 cz 28 29
25 cz 32 33
25 t 3
25 t 7
25 t 11
25 x_1_2 14
25 y_1_2 18
25 t 22
25 x_1_2 27
25 t 31
25 t 35
26 cz 2 3
26 cz 6 7
26 cz 10 11
26 cz 14 15
26 cz 18 19
26 cz 22 23
26 cz 26 27
26 cz 30 31
26 cz 34 35
26 t 0
26 x_1_2 1
26 x_1_2 4
26 x_1_2 5
26 x_1_2 8
26 y_1_2 9
26 x_1_2 12
26 x_1_2 13
26 x_1_2 16
26 y_1_2 17
26 t 20
26 t 21
26 t 24
26 t 25
26 t 28
26 y_1_2 29
26 t 32
26 x_1_2 33
27 cz 6 12
27 cz 8 14
27 cz 10 16
27 cz 19 25
27 cz 21 27
27 cz 23 29
27 x_1_2 2
27 y_1_2 3
27 y_1_2 7
27 x_1_2 11
27 t 15
27 t 18
27 x_1_2 22
27 x_1_2 26
27 x_1_2 30
27 y_1_2 31
27 y_1_2 34
27 y_1_2 35
28 cz 7 13
28 cz 9 15
28 cz 11 17
28 cz 18 24
28 cz 20 26
28 cz 22 28
28 x_1_2 6
28 t 8
28 x_1_2 10
28 y_1_2 12
28 y_1_2 14
28 y_1_2 16
28 t 19
28 y_1_2 21
28 t 23
28 y_1_2 25
28 t 27
28 x_1_2 29
29 cz 1 2
29 cz 9 10
29 cz 13 14
29 cz 21 22
29 cz 25 26
29 cz 33 34
29 t 7
29 t 11
29 x_1_2 15
29 x_1_2 17
29 y_1_2 18
29 x_1_2 20
29 x_1_2 24
29 y_1_2 28
30 cz 3 4
30 cz 7 8
30 cz 15 16
30 cz 19 20
30 cz 27 28
30 cz 31 32
30 t 1
30 t 2
30 x_1_2 9
30 t 10
30 y_1_2 13
30 t 14
30 x_1_2 21
30 t 22
30 t 25
30 t 26
30 y_1_2 33
30 x_1_2 34
31 cz 0 6
31 cz 2 8
31 cz 4 10
31 cz 13 19
31 cz 15 21
31 cz 17 23
31 cz 24 30
31 cz 26 32
31 cz 28 34
31 x_1_2 3
31 x_1_2 7
31 x_1_2 16
31 y_1_2 20
31 x_1_2 27
31 t 31
32 cz 1 7
32 cz 3 9
32 cz 5 11
32 cz 12 18
32 cz 14 20
32 cz 16 22
32 cz 25 31
32 cz 27 33
32 cz 29 35
32 x_1_2 0
32 y_1_2 2
32 t 4
32 t 6
32 y_1_2 8
32 y_1_2 10
32 t 13
32 y_1_2 15
32 t 17
32 y_1_2 19
32 y_1_2 21
32 y_1_2 23
32 y_1_2 24
32 x_1_2 26
32 x_1_2 28
32 y_1_2 30
32 x_1_2 32
32 y_1_2 34
33 cz 0 1
33 cz 4 5
33 cz 8 9
33 cz 12 13
33 cz 16 17
33 cz 20 21
33 cz 24 25
33 cz 28 29
33 cz 32 33
33 t 3
33 t 7
33 y_1_2 11
33 y_1_2 14
33 x_1_2 18
33 y_1_2 22
33 y_1_2 27
33 y_1_2 31
33 t 35
34 cz 2 3
34 cz 6 7
34 cz 10 11
34 cz 14 15
34 cz 18 19
34 cz 22 23
34 cz 26 27
34 cz 30 31
34 cz 34 35
34 t 0
34 y_1_2 1
34 x_1_2 4
34 t 5
34 x_1_2 8
34 t 9
34 t 12
34 x_1_2 13
34 y_1_2 16
34 y_1_2 17
34 t 20
34 x_1_2 21
34 x_1_2 24
34 x_1_2 25
34 y_1_2 28
34 y_1_2 29
34 t 32
34 t 33
35 cz 6 12
35 cz 8 14
35 cz 10 16
35 cz 19 25
35 cz 21 27
35 cz 23 29
35 x_1_2 2
35 y_1_2 3
35 y_1_2 7
35 x_1_2 11
35 x_1_2 15
35 t 18
35 t 22
35 y_1_2 26
35 x_1_2 30
35 t 31
35 t 34
35 x_1_2 35
36 cz 7 13
36 cz 9 15
36 cz 11 17
36 cz 18 24
36 cz 20 26
36 cz 22 28
36 x_1_2 6
36 y_1_2 8
36 t 10
36 y_1_2 12
36 x_1_2 14
36 t 16
36 t 19
36 y_1_2 21
36 t 23
36 y_1_2 25
36 x_1_2 27
36 x_1_2 29
37 cz 1 2
37 cz 9 10
37 cz 13 14
37 cz 21 22
37 cz 25 26
37 cz 33 34
37 t 7
37 y_1_2 11
37 y_1_2 15
37 t 17
37 x_1_2 18
37 x_1_2 20
37 t 24
37 t 28
38 cz 3 4
38 cz 7 8
38 cz 15 16
38 cz 19 20
38 cz 27 28
38 cz 31 32
38 t 1
38 t 2
38 y_1_2 9
38 y_1_2 10
38 t 13
38 t 14
38 t 21
38 x_1_2 22
38 x_1_2 25
38 x_1_2 26
38 x_1_2 33
38 x_1_2 34
39 cz 0 6
39 cz 2 8
39 cz 4 10
39 cz 13 19
39 cz 15 21
39 cz 17 23
39 cz 24 30
39 cz 26 32
39 cz 28 34
39 t 3
39 y_1_2 7
39 y_1_2 16
39 y_1_2 20
39 y_1_2 27
39 y_1_2 31
40 cz 1 7
40 cz 3 9
40 cz 5 11
40 cz 12 18
40 cz 14 20
40 cz 16 22
40 cz 25 31
40 cz 27 33
40 cz 29 35
40 x_1_2 0
40 y_1_2 2
40 y_1_2 4
40 t 6
40 x_1_2 8
40 x_1_2 10
40 y_1_2 13
40 x_1_2 15
40 y_1_2 17
40 y_1_2 19
40 y_1_2 21
40 x_1_2 23
40 x_1_2 24
40 y_1_2 26
40 y_1_2 28
40 t 30
40 y_1_2 32
40 t 34
41 cz 0 1
41 cz 4 5
41 cz 8 9
41 cz 12 13
41 cz 16 17
41 cz 20 21
41 cz 24 25
41 cz 28 29
41 cz 32 33
41 x_1_2 3
41 x_1_2 7
41 t 11
41 y_1_2 14
41 t 18
41 y_1_2 22
41 x_1_2 27
41 x_1_2 31
41 y_1_2 35
42 cz 2 3
42 cz 6 7
42 cz 10 11
42 cz 14 15
42 cz 18 19
42 cz 22 23
42 cz 26 27
42 cz 30 31
42 cz 34 35
42 t 0
42 y_1_2 1
42 x_1_2 4
42 x_1_2 5
42 y_1_2 8
42 x_1_2 9
42 t 12
42 x_1_2 13
42 x_1_2 16
42 t 17
42 t 20
42 x_1_2 21
42 t 24
42 t 25
42 x_1_2 28
42 y_1_2 29
42 t 32
42 y_1_2 33
43 cz 6 12
43 cz 8 14
43 cz 10 16
43 cz 19 25
43 cz 21 27
43 cz 23 29
43 t 2
43 y_1_2 3
43 y_1_2 7
43 y_1_2 11
43 y_1_2 15
43 y_1_2 18
43 t 22
43 x_1_2 26
43 x_1_2 30
43 y_1_2 31
43 x_1_2 34
43 t 35
44 cz 7 13
44 cz 9 15
44 cz 11 17
44 cz 18 24
44 cz 20 26
44 cz 22 28
44 x_1_2 6
44 t 8
44 y_1_2 10
44 y_1_2 12
44 x_1_2 14
44 t 16
44 t 19
44 t 21
44 y_1_2 23
44 x_1_2 25
44 y_1_2 27
44 x_1_2 29
45 cz 1 2
45 cz 9 10
45 cz 13 14
45 cz 21 22
45 cz 25 26
45 cz 33 34
45 t 7
45 t 11
45 t 15
45 y_1_2 17
45 t 18
45 x_1_2 20
45 y_1_2 24
45 t 28
46 cz 3 4
46 cz 7 8
46 cz 15 16
46 cz 19 20
46 cz 27 28
46 cz 31 32
46 t 1
46 x_1_2 2
46 t 9
46 t 10
46 y_1_2 13
46 t 14
46 x_1_2 21
46 x_1_2 22
46 t 25
46 y_1_2 26
46 x_1_2 33
46 y_1_2 34
47 cz 0 6
47 cz 2 8
47 cz 4 10
47 cz 13 19
47 cz 15 21
47 cz 17 23
47 cz 24 30
47 cz 26 32
47 cz 28 34
47 t 3
47 y_1_2 7
47 x_1_2 16
47 y_1_2 20
47 t 27
47 t 31
48 cz 1 7
48 cz 3 9
48 cz 5 11
48 cz 12 18
48 cz 14 20
48 cz 16 22
48 cz 25 31
48 cz 27 33
48 cz 29 35
48 y_1_2 0
48 y_1_2 2
48 t 4
48 y_1_2 6
48 y_1_2 8
48 y_1_2 10
48 x_1_2 13
48 x_1_2 15
48 x_1_2 17
48 x_1_2 19
48 t 21
48 x_1_2 23
48 x_1_2 24
48 x_1_2 26
48 x_1_2 28
48 y_1_2 30
48 y_1_2 32
48 t 34
49 cz 0 1
49 cz 4 5
49 cz 8 9
49 cz 12 13
49 cz 16 17
49 cz 20 21
49 cz 24 25
49 cz 28 29
49 cz 32 33
49 y_1_2 3
49 t 7
49 y_1_2 11
49 x_1_2 14
49 x_1_2 18
49 t 22
49 y_1_2 27
49 x_1_2 31
49 x_1_2 35
50 cz 2 3
50 cz 6 7
50 cz 10 11
50 cz 14 15
50 cz 18 19
50 cz 22 23
50 cz 26 27
50 cz 30 31
50 cz 34 35
50 x_1_2 0
50 x_1_2 1
50 x_1_2 4
50 t 5
50 t 8
50 x_1_2 9
50 x_1_2 12
50 y_1_2 13
50 y_1_2 16
50 t 17
50 t 20
50 y_1_2 21
50 y_1_2 24
50 x_1_2 25
50 t 28
50 y_1_2 29
50 t 32
50 y_1_2 33
51 cz 6 12
51 cz 8 14
51 cz 10 16
51 cz 19 25
51 cz 21 27
51 cz 23 29
51 x_1_2 2
51 t 3
51 y_1_2 7
51 t 11
51 t 15
51 y_1_2 18
51 y_1_2 22
51 t 26
51 t 30
51 y_1_2 31
51 x_1_2 34
51 y_1_2 35
52 cz 7 13
52 cz 9 15
52 cz 11 17
52 cz 18 24
52 cz 20 26
52 cz 22 28
52 t 6
52 y_1_2 8
52 t 10
52 y_1_2 12
52 y_1_2 14
52 t 16
52 y_1_2 19
52 x_1_2 21
52 t 23
52 t 25
52 t 27
52 x_1_2 29
53 cz 1 2
53 cz 9 10
53 cz 13 14
53 cz 21 22
53 cz 25 26
53 cz 33 34
53 t 7
53 x_1_2 11
53 x_1_2 15
53 y_1_2 17
53 x_1_2 18
53 x_1_2 20
53 t 24
53 x_1_2 28
54 cz 3 4
54 cz 7 8
54 cz 15 16
54 cz 19 20
54 cz 27 28
54 cz 31 32
54 y_1_2 1
54 y_1_2 2
54 y_1_2 9
54 y_1_2 10
54 t 13
54 x_1_2 14
54 y_1_2 21
54 t 22
54 y_1_2 25
54 x_1_2 26
54 x_1_2 33
54 t 34
55 cz 0 6
55 cz 2 8
55 cz 4 10
55 cz 13 19
55 cz 15 21
55 cz 17 23
55 cz 24 30
55 cz 26 32
55 cz 28 34
55 y_1_2 3
55 x_1_2 7
55 y_1_2 16
55 y_1_2 20
55 x_1_2 27
55 x_1_2 31
56 cz 1 7
56 cz 3 9
56 cz 5 11
56 cz 12 18
56 cz 14 20
56 cz 16 22
56 cz 25 31
56 cz 27 33
56 cz 29 35
56 y_1_2 0
56 x_1_2 2
56 t 4
56 y_1_2 6
56 t 8
56 t 10
56 y_1_2 13
56 t 15
56 x_1_2 17
56 x_1_2 19
56 x_1_2 21
56 x_1_2 23
56 y_1_2 24
56 t 26
56 y_1_2 28
56 x_1_2 30
56 x_1_2 32
56 x_1_2 34
57 cz 0 1
57 cz 4 5
57 cz 8 9
57 cz 12 13
57 cz 16 17
57 cz 20 21
57 cz 24 25
57 cz 28 29
57 cz 32 33
57 x_1_2 3
57 y_1_2 7
57 y_1_2 11
57 t 14
57 t 18
57 y_1_2 22
57 y_1_2 27
57 t 31
57 t 35
58 cz 2 3
58 cz 6 7
58 cz 10 11
58 cz 14 15
58 cz 18 19
58 cz 22 23
58 cz 26 27
58 cz 30 31
58 cz 34 35
58 t 0
58 t 1
58 x_1_2 4
58 y_1_2 5
58 x_1_2 8
58 x_1_2 9
58 x_1_2 12
58 x_1_2 13
58 t 16
58 y_1_2 17
58 x_1_2 20
58 t 21
58 t 24
58 t 25
58 t 28
58 y_1_2 29
58 y_1_2 32
58 y_1_2 33
59 cz 6 12
59 cz 8 14
59 cz 10 16
59 cz 19 25
59 cz 21 27
59 cz 23 29
59 t 2
59 y_1_2 3
59 x_1_2 7
59 t 11
59 y_1_2 15
59 y_1_2 18
59 x_1_2 22
59 x_1_2 26
59 y_1_2 30
59 x_1_2 31
59 y_1_2 34
59 x_1_2 35
60 cz 7 13
60 cz 9 15
60 cz 11 17
60 cz 18 24
60 cz 20 26
60 cz 22 28
60 t 6
60 t 8
60 x_1_2 10
60 t 12
60 y_1_2 14
60 y_1_2 16
60 t 19
60 y_1_2 21
60 t 23
60 y_1_2 25
60 x_1_2 27
60 t 29
61 cz 1 2
61 cz 9 10
61 cz 13 14
61 cz 21 22
61 cz 25 26
61 cz 33 34
61 t 7
61 x_1_2 11
61 x_1_2 15
61 t 17
61 x_1_2 18
61 y_1_2 20
61 y_1_2 24
61 x_1_2 28
62 cz 3 4
62 cz 7 8
62 cz 15 16
62 cz 19 20
62 cz 27 28
62 cz 31 32
62 y_1_2 1
62 x_1_2 2
62 t 9
62 y_1_2 10
62 y_1_2 13
62 t 14
62 x_1_2 21
62 t 22
62 x_1_2 25
62 y_1_2 26
62 t 33
62 t 34
63 cz 0 6
63 cz 2 8
63 cz 4 10
63 cz 13 19
63 cz 15 21
63 cz 17 23
63 cz 24 30
63 cz 26 32
63 cz 28 34
63 t 3
63 x_1_2 7
63 t 16
63 t 20
63 y_1_2 27
63 y_1_2 31
64 cz 1 7
64 cz 3 9
64 cz 5 11
64 cz 12 18
64 cz 14 20
64 cz 16 22
64 cz 25 31
64 cz 27 33
64 cz 29 35
64 y_1_2 0
64 y_1_2 2
64 y_1_2 4
64 x_1_2 6
64 y_1_2 8
64 x_1_2 10
64 x_1_2 13
64 t 15
64 x_1_2 17
64 x_1_2 19
64 t 21
64 x_1_2 23
64 x_1_2 24
64 t 26
64 t 28
64 t 30
64 t 32
64 x_1_2 34
65 cz 0 1
65 cz 4 5
65 cz 8 9
65 cz 12 13
65 cz 16 17
65 cz 20 21
65 cz 24 25
65 cz 28 29
65 cz 32 33
65 x_1_2 3
65 y_1_2 7
65 y_1_2 11
65 x_1_2 14
65 t 18
65 x_1_2 22
65 x_1_2 27
65 t 31
65 y_1_2 35
66 cz 2 3
66 cz 6 7
66 cz 10 11
66 cz 14 15
66 cz 18 19
66 cz 22 23
66 cz 26 27
66 cz 30 31
66 cz 34 35
66 x_1_2 0
66 t 1
66 x_1_2 4
66 t 5
66 t 8
66 x_1_2 9
66 x_1_2 12
66 t 13
66 x_1_2 16
66 t 17
66 x_1_2 20
66 y_1_2 21
66 y_1_2 24
66 y_1_2 25
66 y_1_2 28
66 x_1_2 29
66 y_1_2 32
66 y_1_2 33
67 cz 6 12
67 cz 8 14
67 cz 10 16
67 cz 19 25
67 cz 21 27
67 cz 23 29
67 x_1_2 2
67 y_1_2 3
67 t 7
67 t 11
67 y_1_2 15
67 y_1_2 18
67 t 22
67 y_1_2 26
67 x_1_2 30
67 x_1_2 31
67 y_1_2 34
67 t 35
68 cz 7 13
68 cz 9 15
68 cz 11 17
68 cz 18 24
68 cz 20 26
68 cz 22 28
68 t 6
68 x_1_2 8
68 t 10
68 y_1_2 12
68 t 14
68 y_1_2 16
68 t 19
68 x_1_2 21
68 t 23
68 x_1_2 25
68 t 27
68 t 29
69 cz 1 2
69 cz 9 10
69 cz 13 14
69 cz 21 22
69 cz 25 26
69 cz 33 34
69 x_1_2 7
69 y_1_2 11
69 t 15
69 y_1_2 17
69 t 18
69 y_1_2 20
69 x_1_2 24
69 t 28
70 cz 3 4
70 cz 7 8
70 cz 15 16
70 cz 19 20
70 cz 27 28
70 cz 31 32
70 y_1_2 1
70 t 2
70 t 9
70 y_1_2 10
70 x_1_2 13
70 x_1_2 14
70 t 21
70 x_1_2 22
70 t 25
70 t 26
70 t 33
70 t 34
71 cz 0 6
71 cz 2 8
71 cz 4 10
71 cz 13 19
71 cz 15 21
71 cz 17 23
71 cz 24 30
71 cz 26 32
71 cz 28 34
71 x_1_2 3
71 y_1_2 7
71 t 16
71 x_1_2 20
71 x_1_2 27
71 t 31
72 cz 1 7
72 cz 3 9
72 cz 5 11
72 cz 12 18
72 cz 14 20
72 cz 16 22
72 cz 25 31
72 cz 27 33
72 cz 29 35
72 t 0
72 y_1_2 2
72 t 4
72 x_1_2 6
72 t 8
72 x_1_2 10
72 t 13
72 x_1_2 15
72 t 17
72 y_1_2 19
72 x_1_2 21
72 x_1_2 23
72 y_1_2 24
72 x_1_2 26
72 y_1_2 28
72 t 30
72 x_1_2 32
72 x_1_2 34
73 cz 0 1
73 cz 4 5
73 cz 8 9
73 cz 12 13
73 cz 16 17
73 cz 20 21
73 cz 24 25
73 cz 28 29
73 cz 32 33
73 t 3
73 x_1_2 7
73 x_1_2 11
73 t 14
73 y_1_2 18
73 y_1_2 22
73 y_1_2 27
73 x_1_2 31
73 y_1_2 35
74 cz 2 3
74 cz 6 7
74 cz 10 11
74 cz 14 15
74 cz 18 19
74 cz 22 23
74 cz 26 27
74 cz 30 31
74 cz 34 35
74 x_1_2 0
74 x_1_2 1
74 y_1_2 4
74 y_1_2 5
74 x_1_2 8
74 y_1_2 9
74 x_1_2 12
74 x_1_2 13
74 x_1_2 16
74 x_1_2 17
74 y_1_2 20
74 t 21
74 x_1_2 24
74 y_1_2 25
74 t 28
74 y_1_2 29
74 y_1_2 32
74 x_1_2 33
75 cz 6 12
75 cz 8 14
75 cz 10 16
75 cz 19 25
75 cz 21 27
75 cz 23 29
75 x_1_2 2
75 y_1_2 3
75 y_1_2 7
75 t 11
75 t 15
75 t 18
75 t 22
75 y_1_2 26
75 x_1_2 30
75 y_1_2 31
75 t 34
75 x_1_2 35
76 cz 7 13
76 cz 9 15
76 cz 11 17
76 cz 18 24
76 cz 20 26
76 cz 22 28
76 t 6
76 t 8
76 y_1_2 10
76 y_1_2 12
76 y_1_2 14
76 y_1_2 16
76 x_1_2 19
76 x_1_2 21
76 t 23
76 t 25
76 x_1_2 27
76 x_1_2 29
77 cz 1 2
77 cz 9 10
77 cz 13 14
77 cz 21 22
77 cz 25 26
77 cz 33 34
77 t 7
77 y_1_2 11
77 y_1_2 15
77 t 17
77 y_1_2 18
77 x_1_2 20
77 y_1_2 24
77 x_1_2 28
78 cz 3 4
78 cz 7 8
78 cz 15 16
78 cz 19 20
78 cz 27 28
78 cz 31 32
78 y_1_2 1
78 y_1_2 2
78 t 9
78 x_1_2 10
78 y_1_2 13
78 x_1_2 14
78 y_1_2 21
78 y_1_2 22
78 y_1_2 25
78 t 26
78 t 33
78 x_1_2 34
79 cz 0 6
79 cz 2 8
79 cz 4 10
79 cz 13 19
79 cz 15 21
79 cz 17 23
79 cz 24 30
79 cz 26 32
79 cz 28 34
79 x_1_2 3
79 x_1_2 7
79 x_1_2 16
79 t 20
79 y_1_2 27
79 x_1_2 31
80 cz 1 7
80 cz 3 9
80 cz 5 11
80 cz 12 18
80 cz 14 20
80 cz 16 22
80 cz 25 31
80 cz 27 33
80 cz 29 35
80 y_1_2 0
80 t 2
80 x_1_2 4
80 y_1_2 6
80 y_1_2 8
80 y_1_2 10
80 t 13
80 t 15
80 y_1_2 17
80 y_1_2 19
80 x_1_2 21
80 x_1_2 23
80 t 24
80 y_1_2 26
80 y_1_2 28
80 y_1_2 30
80 x_1_2 32
80 t 34
81 cz 0 1
81 cz 4 5
81 cz 8 9
81 cz 12 13
81 cz 16 17
81 cz 20 21
81 cz 24 25
81 cz 28 29
81 cz 32 33
81 y_1_2 3
81 t 7
81 t 11
81 t 14
81 t 18
81 t 22
81 t 27
81 t 31
81 t 35
82 cz 2 3
82 cz 6 7
82 cz 10 11
82 cz 14 15
82 cz 18 19
82 cz 22 23
82 cz 26 27
82 cz 30 31
82 cz 34 35
82 t 0
82 t 1
82 y_1_2 4
82 x_1_2 5
82 x_1_2 8
82 x_1_2 9
82 t 12
82 x_1_2 13
82 y_1_2 16
82 t 17
82 x_1_2 20
82 y_1_2 21
82 y_1_2 24
82 x_1_2 25
82 x_1_2 28
82 y_1_2 29
82 t 32
82 x_1_2 33
83 cz 6 12
83 cz 8 14
83 cz 10 16
83 cz 19 25
83 cz 21 27
83 cz 23 29
83 x_1_2 2
83 x_1_2 3
83 y_1_2 7
83 y_1_2 11
83 y_1_2 15
83 x_1_2 18
83 y_1_2 22
83 x_1_2 26
83 x_1_2 30
83 y_1_2 31
83 x_1_2 34
83 x_1_2 35
84 cz 7 13
84 cz 9 15
84 cz 11 17
84 cz 18 24
84 cz 20 26
84 cz 22 28
84 t 6
84 t 8
84 t 10
84 x_1_2 12
84 x_1_2 14
84 x_1_2 16
84 t 19
84 x_1_2 21
84 y_1_2 23
84 y_1_2 25
84 y_1_2 27
84 x_1_2 29
85 cz 1 2
85 cz 9 10
85 cz 13 14
85 cz 21 22
85 cz 25 26
85 cz 33 34
85 t 7
85 x_1_2 11
85 t 15
85 y_1_2 17
85 y_1_2 18
85 y_1_2 20
85 t 24
85 y_1_2 28
86 cz 3 4
86 cz 7 8
86 cz 15 16
86 cz 19 20
86 cz 27 28
86 cz 31 32
86 x_1_2 1
86 y_1_2 2
86 t 9
86 x_1_2 10
86 t 13
86 t 14
86 y_1_2 21
86 x_1_2 22
86 t 25
86 y_1_2 26
86 t 33
86 y_1_2 34
87 cz 0 6
87 cz 2 8
87 cz 4 10
87 cz 13 19
87 cz 15 21
87 cz 17 23
87 cz 24 30
87 cz 26 32
87 cz 28 34
87 y_1_2 3
87 y_1_2 7
87 y_1_2 16
87 t 20
87 x_1_2 27
87 x_1_2 31
88 cz 1 7
88 cz 3 9
88 cz 5 11
88 cz 12 18
88 cz 14 20
88 cz 16 22
88 cz 25 31
88 cz 27 33
88 cz 29 35
88 y_1_2 0
88 x_1_2 2
88 x_1_2 4
88 y_1_2 6
88 y_1_2 8
88 y_1_2 10
88 x_1_2 13
88 y_1_2 15
88 t 17
88 x_1_2 19
88 x_1_2 21
88 t 23
88 y_1_2 24
88 t 26
88 t 28
88 t 30
88 x_1_2 32
88 t 34
89 cz 0 1
89 cz 4 5
89 cz 8 9
89 cz 12 13
89 cz 16 17
89 cz 20 21
89 cz 24 25
89 cz 28 29
89 cz 32 33
89 t 3
89 x_1_2 7
89 y_1_2 11
89 x_1_2 14
89 t 18
89 y_1_2 22
89 t 27
89 t 31
89 y_1_2 35
90 cz 2 3
90 cz 6 7
90 cz 10 11
90 cz 14 15
90 cz 18 19
90 cz 22 23
90 cz 26 27
90 cz 30 31
90 cz 34 35
90 x_1_2 0
90 t 1
90 y_1_2 4
90 t 5
90 x_1_2 8
90 y_1_2 9
90 t 12
90 y_1_2 13
90 t 16
90 y_1_2 17
90 y_1_2 20
90 t 21
90 t 24
90 y_1_2 25
90 x_1_2 28
90 y_1_2 29
90 t 32
90 x_1_2 33
91 cz 6 12
91 cz 8 14
91 cz 10 16
91 cz 19 25
91 cz 21 27
91 cz 23 29
91 y_1_2 2
91 x_1_2 3
91 y_1_2 7
91 t 11
91 x_1_2 15
91 x_1_2 18
91 x_1_2 22
91 x_1_2 26
91 x_1_2 30
91 x_1_2 31
91 x_1_2 34
91 x_1_2 35
92 cz 7 13
92 cz 9 15
92 cz 11 17
92 cz 18 24
92 cz 20 26
92 cz 22 28
92 x_1_2 6
92 t 8
92 t 10
92 x_1_2 12
92 t 14
92 y_1_2 16
92 t 19
92 x_1_2 21
92 x_1_2 23
92 t 25
92 y_1_2 27
92 x_1_2 29
93 cz 1 2
93 cz 9 10
93 cz 13 14
93 cz 21 22
93 cz 25 26
93 cz 33 34
93 t 7
93 y_1_2 11
93 y_1_2 15
93 t 17
93 y_1_2 18
93 t 20
93 x_1_2 24
93 t 28
94 cz 3 4
94 cz 7 8
94 cz 15 16
94 cz 19 20
94 cz 27 28
94 cz 31 32
94 y_1_2 1
94 x_1_2 2
94 x_1_2 9
94 x_1_2 10
94 x_1_2 13
94 y_1_2 14
94 y_1_2 21
94 t 22
94 x_1_2 25
94 y_1_2 26
94 t 33
94 y_1_2 34
95 cz 0 6
95 cz 2 8
95 cz 4 10
95 cz 13 19
95 cz 15 21
95 cz 17 23
95 cz 24 30
95 cz 26 32
95 cz 28 34
95 t 3
95 y_1_2 7
95 x_1_2 16
95 x_1_2 20
95 x_1_2 27
95 y_1_2 31
96 cz 1 7
96 cz 3 9
96 cz 5 11
96 cz 12 18
96 cz 14 20
96 cz 16 22
96 cz 25 31
96 cz 27 33
96 cz 29 35
96 t 0
96 y_1_2 2
96 x_1_2 4
96 y_1_2 6
96 x_1_2 8
96 y_1_2 10
96 t 13
96 x_1_2 15
96 y_1_2 17
96 y_1_2 19
96 x_1_2 21
96 y_1_2 23
96 y_1_2 24
96 x_1_2 26
96 y_1_2 28
96 t 30
96 y_1_2 32
96 t 34
97 cz 0 1
97 cz 4 5
97 cz 8 9
97 cz 12 13
97 cz 16 17
97 cz 20 21
97 cz 24 25
97 cz 28 29
97 cz 32 33
97 x_1_2 3
97 x_1_2 7
97 x_1_2 11
97 x_1_2 14
97 x_1_2 18
97 y_1_2 22
97 t 27
97 x_1_2 31
97 t 35
98 cz 2 3
98 cz 6 7
98 cz 10 11
98 cz 14 15
98 cz 18 19
98 cz 22 23
98 cz 26 27
98 cz 30 31
98 cz 34 35
98 y_1_2 0
98 t 1
98 t 4
98 y_1_2 5
98 t 8
98 y_1_2 9
98 y_1_2 12
98 x_1_2 13
98 y_1_2 16
98 t 17
98 t 20
98 y_1_2 21
98 t 24
98 y_1_2 25
98 t 28
98 y_1_2 29
98 t 32
98 y_1_2 33
99 cz 6 12
99 cz 8 14
99 cz 10 16
99 cz 19 25
99 cz 21 27
99 cz 23 29
99 t 2
99 t 3
99 t 7
99 y_1_2 11
99 y_1_2 15
99 y_1_2 18
99 x_1_2 22
99 y_1_2 26
99 x_1_2 30
99 t 31
99 x_1_2 34
99 x_1_2 35
100 cz 7 13
100 cz 9 15
100 cz 11 17
100 cz 18 24
100 cz 20 26
100 cz 22 28
100 x_1_2 6
100 y_1_2 8
100 x_1_2 10
100 t 12
100 y_1_2 14
100 x_1_2 16
100 t 19
100 x_1_2 21
100 t 23
100 t 25
100 y_1_2 27
100 t 29
