60
0 h 0
0 h 1
0 h 2
0 h 3
0 h 4
0 h 5
0 h 6
0 h 7
0 h 8
0 h 9
0 h 10
0 h 11
0 h 12
0 h 13
0 h 14
0 h 15
0 h 16
0 h 17
0 h 18
0 h 19
0 h 20
0 h 21
0 h 22
0 h 23
0 h 24
0 h 25
0 h 26
0 h 27
0 h 28
0 h 29
0 h 30
0 h 31
0 h 32
0 h 33
0 h 34
0 h 35
0 h 36
0 h 37
0 h 38
0 h 39
0 h 40
0 h 41
0 h 42
0 h 43
0 h 44
0 h 45
0 h 46
0 h 47
0 h 48
0 h 49
0 h 50
0 h 51
0 h 52
0 h 53
0 h 54
0 h 55
0 h 56
0 h 57
0 h 58
0 h 59
1 cz 0 1
1 cz 7 8
1 cz 10 11
1 cz 17 18
1 cz 20 21
1 cz 27 28
1 cz 30 31
1 cz 37 38
1 cz 40 41
1 cz 47 48
1 cz 50 51
1 cz 57 58
2 cz 2 3
2 cz 5 6
2 cz 12 13
2 cz 15 16
2 cz 22 23
2 cz 25 26
2 cz 32 33
2 cz 35 36
2 cz 42 43
2 cz 45 46
2 cz 52 53
2 cz 55 56
2 t 0
2 t 1
2 t 7
2 t 8
2 t 10
2 t 11
2 t 17
2 t 18
2 t 20
2 t 21
2 t 27
2 t 28
2 t 30
2 t 31
2 t 37
2 t 38
2 t 40
2 t 41
2 t 47
2 t 48
2 t 50
2 t 51
2 t 57
2 t 58
3 cz 5 10
3 cz 25 30
3 cz 45 50
3 cz 16 21
3 cz 36 41
3 cz 7 12
3 cz 27 32
3 cz 47 52
3 cz 18 23
3 cz 38 43
3 cz 9 14
3 cz 29 34
3 cz 49 54
3 t 2
3 t 3
3 t 6
3 t 13
3 t 15
3 t 22
3 t 26
3 t 33
3 t 35
3 t 42
3 t 46
3 t 53
3 t 55
3 t 56
4 cz 15 20
4 cz 35 40
4 cz 6 11
4 cz 26 31
4 cz 46 51
4 cz 17 22
4 cz 37 42
4 cz 8 13
4 cz 28 33
4 cz 48 53
4 cz 19 24
4 cz 39 44
4 t 5
4 x_1_2 7
4 t 9
4 y_1_2 10
4 t 12
4 t 14
4 t 16
4 x_1_2 18
4 y_1_2 21
4 t 23
4 t 25
4 x_1_2 27
4 t 29
4 x_1_2 30
4 t 32
4 t 34
4 t 36
4 y_1_2 38
4 x_1_2 41
4 t 43
4 t 45
4 y_1_2 47
4 t 49
4 x_1_2 50
4 t 52
4 t 54
5 cz 1 2
5 cz 8 9
5 cz 11 12
5 cz 18 19
5 cz 21 22
5 cz 28 29
5 cz 31 32
5 cz 38 39
5 cz 41 42
5 cz 48 49
5 cz 51 52
5 cz 58 59
5 x_1_2 6
5 x_1_2 13
5 x_1_2 15
5 y_1_2 17
5 x_1_2 20
5 t 24
5 x_1_2 26
5 x_1_2 33
5 x_1_2 35
5 x_1_2 37
5 y_1_2 40
5 t 44
5 x_1_2 46
5 x_1_2 53
6 cz 3 4
6 cz 6 7
6 cz 13 14
6 cz 16 17
6 cz 23 24
6 cz 26 27
6 cz 33 34
6 cz 36 37
6 cz 43 44
6 cz 46 47
6 cz 53 54
6 cz 56 57
6 x_1_2 1
6 y_1_2 2
6 x_1_2 8
6 y_1_2 9
6 x_1_2 11
6 y_1_2 12
6 t 18
6 t 19
6 x_1_2 21
6 x_1_2 22
6 y_1_2 28
6 y_1_2 29
6 y_1_2 31
6 x_1_2 32
6 t 38
6 t 39
6 y_1_2 41
6 x_1_2 42
6 x_1_2 48
6 y_1_2 49
6 y_1_2 51
6 y_1_2 52
6 y_1_2 58
6 t 59
7 cz 0 5
7 cz 20 25
7 cz 40 45
7 cz 11 16
7 cz 31 36
7 cz 51 56
7 cz 2 7
7 cz 22 27
7 cz 42 47
7 cz 13 18
7 cz 33 38
7 cz 53 58
7 cz 4 9
7 cz 24 29
7 cz 44 49
7 x_1_2 3
7 t 6
7 y_1_2 14
7 t 17
7 y_1_2 23
7 t 26
7 y_1_2 34
7 y_1_2 37
7 y_1_2 43
7 y_1_2 46
7 y_1_2 54
7 x_1_2 57
8 cz 10 15
8 cz 30 35
8 cz 50 55
8 cz 1 6
8 cz 21 26
8 cz 41 46
8 cz 12 17
8 cz 32 37
8 cz 52 57
8 cz 3 8
8 cz 23 28
8 cz 43 48
8 cz 14 19
8 cz 34 39
8 cz 54 59
8 x_1_2 0
8 x_1_2 2
8 t 4
8 y_1_2 5
8 t 7
8 x_1_2 9
8 y_1_2 11
8 y_1_2 13
8 x_1_2 16
8 x_1_2 18
8 t 20
8 t 22
8 x_1_2 24
8 x_1_2 25
8 t 27
8 x_1_2 29
8 x_1_2 31
8 t 33
8 x_1_2 36
8 x_1_2 38
8 x_1_2 40
8 y_1_2 42
8 x_1_2 44
8 y_1_2 45
8 t 47
8 t 49
8 x_1_2 51
8 t 53
8 x_1_2 56
8 t 58
9 cz 0 1
9 cz 7 8
9 cz 10 11
9 cz 17 18
9 cz 20 21
9 cz 27 28
9 cz 30 31
9 cz 37 38
9 cz 40 41
9 cz 47 48
9 cz 50 51
9 cz 57 58
9 t 3
9 x_1_2 6
9 t 12
9 t 14
9 y_1_2 15
9 x_1_2 19
9 t 23
9 x_1_2 26
9 t 32
9 x_1_2 34
9 t 35
9 y_1_2 39
9 x_1_2 43
9 x_1_2 46
9 x_1_2 52
9 t 54
9 x_1_2 55
9 x_1_2 59
10 cz 2 3
10 cz 5 6
10 cz 12 13
10 cz 15 16
10 cz 22 23
10 cz 25 26
10 cz 32 33
10 cz 35 36
10 cz 42 43
10 cz 45 46
10 cz 52 53
10 cz 55 56
10 t 0
10 y_1_2 1
10 y_1_2 7
10 t 8
10 x_1_2 10
10 t 11
10 y_1_2 17
10 t 18
10 y_1_2 20
10 t 21
10 y_1_2 27
10 x_1_2 28
10 y_1_2 30
10 y_1_2 31
10 t 37
10 y_1_2 38
10 t 40
10 t 41
10 y_1_2 47
10 t 48
10 t 50
10 t 51
10 t 57
10 y_1_2 58
11 cz 5 10
11 cz 25 30
11 cz 45 50
11 cz 16 21
11 cz 36 41
11 cz 7 12
11 cz 27 32
11 cz 47 52
11 cz 18 23
11 cz 38 43
11 cz 9 14
11 cz 29 34
11 cz 49 54
11 t 2
11 x_1_2 3
11 t 6
11 x_1_2 13
11 x_1_2 15
11 x_1_2 22
11 t 26
11 x_1_2 33
11 x_1_2 35
11 t 42
11 t 46
11 x_1_2 53
11 y_1_2 55
11 y_1_2 56
12 cz 15 20
12 cz 35 40
12 cz 6 11
12 cz 26 31
12 cz 46 51
12 cz 17 22
12 cz 37 42
12 cz 8 13
12 cz 28 33
12 cz 48 53
12 cz 19 24
12 cz 39 44
12 x_1_2 5
12 t 7
12 t 9
12 t 10
12 x_1_2 12
12 y_1_2 14
12 y_1_2 16
12 y_1_2 18
12 y_1_2 21
12 x_1_2 23
12 t 25
12 x_1_2 27
12 y_1_2 29
12 x_1_2 30
12 x_1_2 32
12 y_1_2 34
12 y_1_2 36
12 x_1_2 38
12 y_1_2 41
12 y_1_2 43
12 t 45
12 t 47
12 y_1_2 49
12 y_1_2 50
12 t 52
12 y_1_2 54
13 cz 1 2
13 cz 8 9
13 cz 11 12
13 cz 18 19
13 cz 21 22
13 cz 28 29
13 cz 31 32
13 cz 38 39
13 cz 41 42
13 cz 48 49
13 cz 51 52
13 cz 58 59
13 y_1_2 6
13 y_1_2 13
13 y_1_2 15
13 x_1_2 17
13 x_1_2 20
13 t 24
13 y_1_2 26
13 t 33
13 t 35
13 y_1_2 37
13 y_1_2 40
13 t 44
13 x_1_2 46
13 y_1_2 53
14 cz 3 4
14 cz 6 7
14 cz 13 14
14 cz 16 17
14 cz 23 24
14 cz 26 27
14 cz 33 34
14 cz 36 37
14 cz 43 44
14 cz 46 47
14 cz 53 54
14 cz 56 57
14 x_1_2 1
14 y_1_2 2
14 y_1_2 8
14 y_1_2 9
14 y_1_2 11
14 y_1_2 12
14 t 18
14 t 19
14 t 21
14 y_1_2 22
14 y_1_2 28
14 t 29
14 t 31
14 y_1_2 32
14 t 38
14 t 39
14 t 41
14 y_1_2 42
14 x_1_2 48
14 t 49
14 y_1_2 51
14 y_1_2 52
14 t 58
14 y_1_2 59
15 cz 0 5
15 cz 20 25
15 cz 40 45
15 cz 11 16
15 cz 31 36
15 cz 51 56
15 cz 2 7
15 cz 22 27
15 cz 42 47
15 cz 13 18
15 cz 33 38
15 cz 53 58
15 cz 4 9
15 cz 24 29
15 cz 44 49
15 t 3
15 t 6
15 x_1_2 14
15 y_1_2 17
15 y_1_2 23
15 t 26
15 x_1_2 34
15 x_1_2 37
15 x_1_2 43
15 t 46
15 x_1_2 54
15 y_1_2 57
16 cz 10 15
16 cz 30 35
16 cz 50 55
16 cz 1 6
16 cz 21 26
16 cz 41 46
16 cz 12 17
16 cz 32 37
16 cz 52 57
16 cz 3 8
16 cz 23 28
16 cz 43 48
16 cz 14 19
16 cz 34 39
16 cz 54 59
16 x_1_2 0
16 x_1_2 2
16 y_1_2 4
16 y_1_2 5
16 y_1_2 7
16 x_1_2 9
16 t 11
16 x_1_2 13
16 x_1_2 16
16 x_1_2 18
16 t 20
16 x_1_2 22
16 y_1_2 24
16 y_1_2 25
16 t 27
16 y_1_2 29
16 y_1_2 31
16 y_1_2 33
16 t 36
16 x_1_2 38
16 x_1_2 40
16 x_1_2 42
16 y_1_2 44
16 x_1_2 45
16 y_1_2 47
16 y_1_2 49
16 x_1_2 51
16 x_1_2 53
16 t 56
16 x_1_2 58
17 cz 0 1
17 cz 7 8
17 cz 10 11
17 cz 17 18
17 cz 20 21
17 cz 27 28
17 cz 30 31
17 cz 37 38
17 cz 40 41
17 cz 47 48
17 cz 50 51
17 cz 57 58
17 x_1_2 3
17 x_1_2 6
17 x_1_2 12
17 t 14
17 x_1_2 15
17 x_1_2 19
17 t 23
17 x_1_2 26
17 t 32
17 t 34
17 y_1_2 35
17 x_1_2 39
17 t 43
17 x_1_2 46
17 t 52
17 y_1_2 54
17 t 55
17 t 59
18 cz 2 3
18 cz 5 6
18 cz 12 13
18 cz 15 16
18 cz 22 23
18 cz 25 26
18 cz 32 33
18 cz 35 36
18 cz 42 43
18 cz 45 46
18 cz 52 53
18 cz 55 56
18 y_1_2 0
18 y_1_2 1
18 x_1_2 7
18 x_1_2 8
18 x_1_2 10
18 y_1_2 11
18 x_1_2 17
18 t 18
18 y_1_2 20
18 y_1_2 21
18 y_1_2 27
18 x_1_2 28
18 t 30
18 t 31
18 t 37
18 t 38
18 y_1_2 40
18 x_1_2 41
18 x_1_2 47
18 y_1_2 48
18 x_1_2 50
18 t 51
18 x_1_2 57
18 y_1_2 58
19 cz 5 10
19 cz 25 30
19 cz 45 50
19 cz 16 21
19 cz 36 41
19 cz 7 12
19 cz 27 32
19 cz 47 52
19 cz 18 23
19 cz 38 43
19 cz 9 14
19 cz 29 34
19 cz 49 54
19 y_1_2 2
19 y_1_2 3
19 y_1_2 6
19 y_1_2 13
19 t 15
19 t 22
19 y_1_2 26
19 x_1_2 33
19 t 35
19 y_1_2 42
19 t 46
19 t 53
19 y_1_2 55
19 x_1_2 56
20 cz 15 20
20 cz 35 40
20 cz 6 11
20 cz 26 31
20 cz 46 51
20 cz 17 22
20 cz 37 42
20 cz 8 13
20 cz 28 33
20 cz 48 53
20 cz 19 24
20 cz 39 44
20 x_1_2 5
20 y_1_2 7
20 y_1_2 9
20 t 10
20 t 12
20 y_1_2 14
20 y_1_2 16
20 y_1_2 18
20 x_1_2 21
20 x_1_2 23
20 t 25
20 t 27
20 t 29
20 y_1_2 30
20 x_1_2 32
20 y_1_2 34
20 y_1_2 36
20 x_1_2 38
20 y_1_2 41
20 x_1_2 43
20 t 45
20 y_1_2 47
20 t 49
20 y_1_2 50
20 x_1_2 52
20 x_1_2 54
21 cz 1 2
21 cz 8 9
21 cz 11 12
21 cz 18 19
21 cz 21 22
21 cz 28 29
21 cz 31 32
21 cz 38 39
21 cz 41 42
21 cz 48 49
21 cz 51 52
21 cz 58 59
21 x_1_2 6
21 t 13
21 y_1_2 15
21 t 17
21 x_1_2 20
21 x_1_2 24
21 x_1_2 26
21 t 33
21 y_1_2 35
21 y_1_2 37
21 t 40
21 t 44
21 x_1_2 46
21 x_1_2 53
22 cz 3 4
22 cz 6 7
22 cz 13 14
22 cz 16 17
22 cz 23 24
22 cz 26 27
22 cz 33 34
22 cz 36 37
22 cz 43 44
22 cz 46 47
22 cz 53 54
22 cz 56 57
22 t 1
22 t 2
22 y_1_2 8
22 t 9
22 x_1_2 11
22 x_1_2 12
22 t 18
22 y_1_2 19
22 y_1_2 21
22 x_1_2 22
22 t 28
22 x_1_2 29
22 x_1_2 31
22 t 32
22 y_1_2 38
22 t 39
22 x_1_2 41
22 x_1_2 42
22 x_1_2 48
22 y_1_2 49
22 y_1_2 51
22 t 52
22 x_1_2 58
22 x_1_2 59
23 cz 0 5
23 cz 20 25
23 cz 40 45
23 cz 11 16
23 cz 31 36
23 cz 51 56
23 cz 2 7
23 cz 22 27
23 cz 42 47
23 cz 13 18
23 cz 33 38
23 cz 53 58
23 cz 4 9
23 cz 24 29
23 cz 44 49
23 x_1_2 3
23 t 6
23 x_1_2 14
23 x_1_2 17
23 y_1_2 23
23 t 26
23 x_1_2 34
23 x_1_2 37
23 t 43
23 y_1_2 46
23 t 54
23 t 57
24 cz 10 15
24 cz 30 35
24 cz 50 55
24 cz 1 6
24 cz 21 26
24 cz 41 46
24 cz 12 17
24 cz 32 37
24 cz 52 57
24 cz 3 8
24 cz 23 28
24 cz 43 48
24 cz 14 19
24 cz 34 39
24 cz 54 59
24 t 0
24 y_1_2 2
24 x_1_2 4
24 t 5
24 t 7
24 y_1_2 9
24 t 11
24 y_1_2 13
24 x_1_2 16
24 x_1_2 18
24 y_1_2 20
24 t 22
24 y_1_2 24
24 x_1_2 25
24 x_1_2 27
24 t 29
24 y_1_2 31
24 x_1_2 33
24 t 36
24 x_1_2 38
24 y_1_2 40
24 y_1_2 42
24 y_1_2 44
24 y_1_2 45
24 t 47
24 x_1_2 49
24 t 51
24 y_1_2 53
24 t 56
24 y_1_2 58
25 cz 0 1
25 cz 7 8
25 cz 10 11
25 cz 17 18
25 cz 20 21
25 cz 27 28
25 cz 30 31
25 cz 37 38
25 cz 40 41
25 cz 47 48
25 cz 50 51
25 cz 57 58
25 t 3
25 y_1_2 6
25 t 12
25 y_1_2 14
25 t 15
25 x_1_2 19
25 x_1_2 23
25 y_1_2 26
25 y_1_2 32
25 t 34
25 t 35
25 x_1_2 39
25 y_1_2 43
25 x_1_2 46
25 y_1_2 52
25 x_1_2 54
25 x_1_2 55
25 y_1_2 59
26 cz 2 3
26 cz 5 6
26 cz 12 13
26 cz 15 16
26 cz 22 23
26 cz 25 26
26 cz 32 33
26 cz 35 36
26 cz 42 43
26 cz 45 46
26 cz 52 53
26 cz 55 56
26 x_1_2 0
26 y_1_2 1
26 x_1_2 7
26 t 8
26 x_1_2 10
26 x_1_2 11
26 y_1_2 17
26 t 18
26 t 20
26 x_1_2 21
26 t 27
26 y_1_2 28
26 x_1_2 30
26 t 31
26 t 37
26 y_1_2 38
26 x_1_2 40
26 t 41
26 y_1_2 47
26 y_1_2 48
26 x_1_2 50
26 y_1_2 51
26 x_1_2 57
26 x_1_2 58
27 cz 5 10
27 cz 25 30
27 cz 45 50
27 cz 16 21
27 cz 36 41
27 cz 7 12
27 cz 27 32
27 cz 47 52
27 cz 18 23
27 cz 38 43
27 cz 9 14
27 cz 29 34
27 cz 49 54
27 t 2
27 y_1_2 3
27 t 6
27 t 13
27 y_1_2 15
27 y_1_2 22
27 x_1_2 26
27 y_1_2 33
27 y_1_2 35
27 x_1_2 42
27 y_1_2 46
27 x_1_2 53
27 t 55
27 x_1_2 56
28 cz 15 20
28 cz 35 40
28 cz 6 11
28 cz 26 31
28 cz 46 51
28 cz 17 22
28 cz 37 42
28 cz 8 13
28 cz 28 33
28 cz 48 53
28 cz 19 24
28 cz 39 44
28 y_1_2 5
28 y_1_2 7
28 t 9
28 t 10
28 x_1_2 12
28 x_1_2 14
28 y_1_2 16
28 x_1_2 18
28 y_1_2 21
28 y_1_2 23
28 t 25
28 x_1_2 27
28 y_1_2 29
28 t 30
28 t 32
28 y_1_2 34
28 y_1_2 36
28 x_1_2 38
28 x_1_2 41
28 x_1_2 43
28 t 45
28 t 47
28 y_1_2 49
28 y_1_2 50
28 t 52
28 y_1_2 54
29 cz 1 2
29 cz 8 9
29 cz 11 12
29 cz 18 19
29 cz 21 22
29 cz 28 29
29 cz 31 32
29 cz 38 39
29 cz 41 42
29 cz 48 49
29 cz 51 52
29 cz 58 59
29 x_1_2 6
29 y_1_2 13
29 x_1_2 15
29 x_1_2 17
29 x_1_2 20
29 x_1_2 24
29 y_1_2 26
29 x_1_2 33
29 x_1_2 35
29 x_1_2 37
29 t 40
29 x_1_2 44
29 x_1_2 46
29 t 53
30 cz 3 4
30 cz 6 7
30 cz 13 14
30 cz 16 17
30 cz 23 24
30 cz 26 27
30 cz 33 34
30 cz 36 37
30 cz 43 44
30 cz 46 47
30 cz 53 54
30 cz 56 57
30 x_1_2 1
30 x_1_2 2
30 y_1_2 8
30 x_1_2 9
30 y_1_2 11
30 t 12
30 t 18
30 t 19
30 t 21
30 t 22
30 t 28
30 t 29
30 y_1_2 31
30 y_1_2 32
30 y_1_2 38
30 y_1_2 39
30 t 41
30 t 42
30 x_1_2 48
30 x_1_2 49
30 x_1_2 51
30 y_1_2 52
30 y_1_2 58
30 x_1_2 59
31 cz 0 5
31 cz 20 25
31 cz 40 45
31 cz 11 16
31 cz 31 36
31 cz 51 56
31 cz 2 7
31 cz 22 27
31 cz 42 47
31 cz 13 18
31 cz 33 38
31 cz 53 58
31 cz 4 9
31 cz 24 29
31 cz 44 49
31 x_1_2 3
31 t 6
31 t 14
31 t 17
31 x_1_2 23
31 t 26
31 t 34
31 y_1_2 37
31 y_1_2 43
31 y_1_2 46
31 x_1_2 54
31 y_1_2 57
32 cz 10 15
32 cz 30 35
32 cz 50 55
32 cz 1 6
32 cz 21 26
32 cz 41 46
32 cz 12 17
32 cz 32 37
32 cz 52 57
32 cz 3 8
32 cz 23 28
32 cz 43 48
32 cz 14 19
32 cz 34 39
32 cz 54 59
32 y_1_2 0
32 y_1_2 2
32 y_1_2 4
32 t 5
32 t 7
32 t 9
32 x_1_2 11
32 x_1_2 13
32 t 16
32 y_1_2 18
32 y_1_2 20
32 y_1_2 22
32 t 24
32 y_1_2 25
32 y_1_2 27
32 y_1_2 29
32 x_1_2 31
32 t 33
32 x_1_2 36
32 t 38
32 y_1_2 40
32 y_1_2 42
32 y_1_2 44
32 x_1_2 45
32 x_1_2 47
32 t 49
32 t 51
32 x_1_2 53
32 t 56
32 x_1_2 58
33 cz 0 1
33 cz 7 8
33 cz 10 11
33 cz 17 18
33 cz 20 21
33 cz 27 28
33 cz 30 31
33 cz 37 38
33 cz 40 41
33 cz 47 48
33 cz 50 51
33 cz 57 58
33 y_1_2 3
33 x_1_2 6
33 y_1_2 12
33 x_1_2 14
33 t 15
33 x_1_2 19
33 y_1_2 23
33 y_1_2 26
33 x_1_2 32
33 x_1_2 34
33 t 35
33 t 39
33 t 43
33 t 46
33 t 52
33 y_1_2 54
33 x_1_2 55
33 y_1_2 59
34 cz 2 3
34 cz 5 6
34 cz 12 13
34 cz 15 16
34 cz 22 23
34 cz 25 26
34 cz 32 33
34 cz 35 36
34 cz 42 43
34 cz 45 46
34 cz 52 53
34 cz 55 56
34 t 0
34 t 1
34 x_1_2 7
34 t 8
34 y_1_2 10
34 y_1_2 11
34 y_1_2 17
34 x_1_2 18
34 t 20
34 y_1_2 21
34 t 27
34 x_1_2 28
34 x_1_2 30
34 t 31
34 t 37
34 x_1_2 38
34 x_1_2 40
34 y_1_2 41
34 y_1_2 47
34 t 48
34 x_1_2 50
34 x_1_2 51
34 x_1_2 57
34 y_1_2 58
35 cz 5 10
35 cz 25 30
35 cz 45 50
35 cz 16 21
35 cz 36 41
35 cz 7 12
35 cz 27 32
35 cz 47 52
35 cz 18 23
35 cz 38 43
35 cz 9 14
35 cz 29 34
35 cz 49 54
35 t 2
35 x_1_2 3
35 y_1_2 6
35 y_1_2 13
35 y_1_2 15
35 x_1_2 22
35 t 26
35 x_1_2 33
35 y_1_2 35
35 x_1_2 42
35 y_1_2 46
35 t 53
35 y_1_2 55
35 x_1_2 56
36 cz 15 20
36 cz 35 40
36 cz 6 11
36 cz 26 31
36 cz 46 51
36 cz 17 22
36 cz 37 42
36 cz 8 13
36 cz 28 33
36 cz 48 53
36 cz 19 24
36 cz 39 44
36 x_1_2 5
36 t 7
36 y_1_2 9
36 t 10
36 t 12
36 t 14
36 x_1_2 16
36 t 18
36 t 21
36 t 23
36 x_1_2 25
36 x_1_2 27
36 x_1_2 29
36 y_1_2 30
36 y_1_2 32
36 t 34
36 y_1_2 36
36 y_1_2 38
36 x_1_2 41
36 x_1_2 43
36 y_1_2 45
36 x_1_2 47
36 y_1_2 49
36 t 50
36 y_1_2 52
36 x_1_2 54
37 cz 1 2
37 cz 8 9
37 cz 11 12
37 cz 18 19
37 cz 21 22
37 cz 28 29
37 cz 31 32
37 cz 38 39
37 cz 41 42
37 cz 48 49
37 cz 51 52
37 cz 58 59
37 x_1_2 6
37 x_1_2 13
37 t 15
37 t 17
37 y_1_2 20
37 x_1_2 24
37 x_1_2 26
37 y_1_2 33
37 t 35
37 y_1_2 37
37 y_1_2 40
37 x_1_2 44
37 t 46
37 x_1_2 53
38 cz 3 4
38 cz 6 7
38 cz 13 14
38 cz 16 17
38 cz 23 24
38 cz 26 27
38 cz 33 34
38 cz 36 37
38 cz 43 44
38 cz 46 47
38 cz 53 54
38 cz 56 57
38 y_1_2 1
38 y_1_2 2
38 y_1_2 8
38 x_1_2 9
38 t 11
38 y_1_2 12
38 x_1_2 18
38 t 19
38 x_1_2 21
38 t 22
38 t 28
38 t 29
38 y_1_2 31
38 x_1_2 32
38 x_1_2 38
38 y_1_2 39
38 y_1_2 41
38 t 42
38 y_1_2 48
38 x_1_2 49
38 y_1_2 51
38 x_1_2 52
38 x_1_2 58
38 t 59
39 cz 0 5
39 cz 20 25
39 cz 40 45
39 cz 11 16
39 cz 31 36
39 cz 51 56
39 cz 2 7
39 cz 22 27
39 cz 42 47
39 cz 13 18
39 cz 33 38
39 cz 53 58
39 cz 4 9
39 cz 24 29
39 cz 44 49
39 t 3
39 t 6
39 y_1_2 14
39 y_1_2 17
39 y_1_2 23
39 y_1_2 26
39 x_1_2 34
39 t 37
39 y_1_2 43
39 y_1_2 46
39 t 54
39 y_1_2 57
40 cz 10 15
40 cz 30 35
40 cz 50 55
40 cz 1 6
40 cz 21 26
40 cz 41 46
40 cz 12 17
40 cz 32 37
40 cz 52 57
40 cz 3 8
40 cz 23 28
40 cz 43 48
40 cz 14 19
40 cz 34 39
40 cz 54 59
40 y_1_2 0
40 x_1_2 2
40 t 4
40 t 5
40 y_1_2 7
40 y_1_2 9
40 x_1_2 11
40 y_1_2 13
40 t 16
40 y_1_2 18
40 t 20
40 x_1_2 22
40 y_1_2 24
40 y_1_2 25
40 y_1_2 27
40 y_1_2 29
40 x_1_2 31
40 x_1_2 33
40 x_1_2 36
40 y_1_2 38
40 x_1_2 40
40 y_1_2 42
40 t 44
40 t 45
40 y_1_2 47
40 t 49
40 t 51
40 y_1_2 53
40 y_1_2 56
40 y_1_2 58
41 cz 0 1
41 cz 7 8
41 cz 10 11
41 cz 17 18
41 cz 20 21
41 cz 27 28
41 cz 30 31
41 cz 37 38
41 cz 40 41
41 cz 47 48
41 cz 50 51
41 cz 57 58
41 y_1_2 3
41 y_1_2 6
41 x_1_2 12
41 x_1_2 14
41 y_1_2 15
41 y_1_2 19
41 t 23
41 x_1_2 26
41 t 32
41 t 34
41 x_1_2 35
41 x_1_2 39
41 t 43
41 t 46
41 y_1_2 52
41 x_1_2 54
41 t 55
41 x_1_2 59
42 cz 2 3
42 cz 5 6
42 cz 12 13
42 cz 15 16
42 cz 22 23
42 cz 25 26
42 cz 32 33
42 cz 35 36
42 cz 42 43
42 cz 45 46
42 cz 52 53
42 cz 55 56
42 x_1_2 0
42 x_1_2 1
42 x_1_2 7
42 x_1_2 8
42 x_1_2 10
42 y_1_2 11
42 t 17
42 t 18
42 x_1_2 20
42 y_1_2 21
42 t 27
42 x_1_2 28
42 x_1_2 30
42 y_1_2 31
42 y_1_2 37
42 x_1_2 38
42 y_1_2 40
42 x_1_2 41
42 x_1_2 47
42 t 48
42 x_1_2 50
42 x_1_2 51
42 t 57
42 x_1_2 58
43 cz 5 10
43 cz 25 30
43 cz 45 50
43 cz 16 21
43 cz 36 41
43 cz 7 12
43 cz 27 32
43 cz 47 52
43 cz 18 23
43 cz 38 43
43 cz 9 14
43 cz 29 34
43 cz 49 54
43 y_1_2 2
43 t 3
43 t 6
43 t 13
43 t 15
43 t 22
43 y_1_2 26
43 y_1_2 33
43 y_1_2 35
43 t 42
43 x_1_2 46
43 x_1_2 53
43 y_1_2 55
43 t 56
44 cz 15 20
44 cz 35 40
44 cz 6 11
44 cz 26 31
44 cz 46 51
44 cz 17 22
44 cz 37 42
44 cz 8 13
44 cz 28 33
44 cz 48 53
44 cz 19 24
44 cz 39 44
44 x_1_2 5
44 y_1_2 7
44 t 9
44 y_1_2 10
44 y_1_2 12
44 y_1_2 14
44 x_1_2 16
44 x_1_2 18
44 t 21
44 y_1_2 23
44 t 25
44 y_1_2 27
44 x_1_2 29
44 y_1_2 30
44 x_1_2 32
44 y_1_2 34
44 t 36
44 y_1_2 38
44 y_1_2 41
44 y_1_2 43
44 x_1_2 45
44 t 47
44 x_1_2 49
44 y_1_2 50
44 t 52
44 y_1_2 54
45 cz 1 2
45 cz 8 9
45 cz 11 12
45 cz 18 19
45 cz 21 22
45 cz 28 29
45 cz 31 32
45 cz 38 39
45 cz 41 42
45 cz 48 49
45 cz 51 52
45 cz 58 59
45 y_1_2 6
45 y_1_2 13
45 y_1_2 15
45 y_1_2 17
45 t 20
45 t 24
45 t 26
45 t 33
45 x_1_2 35
45 t 37
45 x_1_2 40
45 x_1_2 44
45 y_1_2 46
45 t 53
46 cz 3 4
46 cz 6 7
46 cz 13 14
46 cz 16 17
46 cz 23 24
46 cz 26 27
46 cz 33 34
46 cz 36 37
46 cz 43 44
46 cz 46 47
46 cz 53 54
46 cz 56 57
46 y_1_2 1
46 t 2
46 t 8
46 x_1_2 9
46 t 11
46 t 12
46 y_1_2 18
46 t 19
46 x_1_2 21
46 x_1_2 22
46 y_1_2 28
46 y_1_2 29
46 t 31
46 t 32
46 t 38
46 y_1_2 39
46 x_1_2 41
46 x_1_2 42
46 x_1_2 48
46 y_1_2 49
46 t 51
46 y_1_2 52
46 y_1_2 58
46 t 59
47 cz 0 5
47 cz 20 25
47 cz 40 45
47 cz 11 16
47 cz 31 36
47 cz 51 56
47 cz 2 7
47 cz 22 27
47 cz 42 47
47 cz 13 18
47 cz 33 38
47 cz 53 58
47 cz 4 9
47 cz 24 29
47 cz 44 49
47 x_1_2 3
47 x_1_2 6
47 x_1_2 14
47 t 17
47 t 23
47 x_1_2 26
47 t 34
47 y_1_2 37
47 t 43
47 t 46
47 x_1_2 54
47 x_1_2 57
48 cz 10 15
48 cz 30 35
48 cz 50 55
48 cz 1 6
48 cz 21 26
48 cz 41 46
48 cz 12 17
48 cz 32 37
48 cz 52 57
48 cz 3 8
48 cz 23 28
48 cz 43 48
48 cz 14 19
48 cz 34 39
48 cz 54 59
48 t 0
48 x_1_2 2
48 x_1_2 4
48 t 5
48 x_1_2 7
48 t 9
48 y_1_2 11
48 t 13
48 t 16
48 x_1_2 18
48 x_1_2 20
48 y_1_2 22
48 x_1_2 24
48 x_1_2 25
48 x_1_2 27
48 t 29
48 x_1_2 31
48 x_1_2 33
48 x_1_2 36
48 x_1_2 38
48 t 40
48 t 42
48 t 44
48 t 45
48 x_1_2 47
48 x_1_2 49
48 x_1_2 51
48 x_1_2 53
48 y_1_2 56
48 x_1_2 58
49 cz 0 1
49 cz 7 8
49 cz 10 11
49 cz 17 18
49 cz 20 21
49 cz 27 28
49 cz 30 31
49 cz 37 38
49 cz 40 41
49 cz 47 48
49 cz 50 51
49 cz 57 58
49 y_1_2 3
49 t 6
49 x_1_2 12
49 y_1_2 14
49 t 15
49 x_1_2 19
49 x_1_2 23
49 t 26
49 y_1_2 32
49 x_1_2 34
49 t 35
49 x_1_2 39
49 x_1_2 43
49 y_1_2 46
49 t 52
49 t 54
49 t 55
49 x_1_2 59
50 cz 2 3
50 cz 5 6
50 cz 12 13
50 cz 15 16
50 cz 22 23
50 cz 25 26
50 cz 32 33
50 cz 35 36
50 cz 42 43
50 cz 45 46
50 cz 52 53
50 cz 55 56
50 y_1_2 0
50 t 1
50 y_1_2 7
50 x_1_2 8
50 t 10
50 t 11
50 x_1_2 17
50 t 18
50 y_1_2 20
50 t 21
50 y_1_2 27
50 t 28
50 x_1_2 30
50 t 31
50 x_1_2 37
50 y_1_2 38
50 x_1_2 40
50 y_1_2 41
50 y_1_2 47
50 t 48
50 t 50
50 y_1_2 51
50 y_1_2 57
50 t 58
51 cz 5 10
51 cz 25 30
51 cz 45 50
51 cz 16 21
51 cz 36 41
51 cz 7 12
51 cz 27 32
51 cz 47 52
51 cz 18 23
51 cz 38 43
51 cz 9 14
51 cz 29 34
51 cz 49 54
51 y_1_2 2
51 t 3
51 x_1_2 6
51 x_1_2 13
51 x_1_2 15
51 t 22
51 y_1_2 26
51 y_1_2 33
51 x_1_2 35
51 y_1_2 42
51 t 46
51 t 53
51 x_1_2 55
51 t 56
52 cz 15 20
52 cz 35 40
52 cz 6 11
52 cz 26 31
52 cz 46 51
52 cz 17 22
52 cz 37 42
52 cz 8 13
52 cz 28 33
52 cz 48 53
52 cz 19 24
52 cz 39 44
52 y_1_2 5
52 x_1_2 7
52 y_1_2 9
52 x_1_2 10
52 y_1_2 12
52 t 14
52 x_1_2 16
52 y_1_2 18
52 x_1_2 21
52 t 23
52 t 25
52 t 27
52 x_1_2 29
52 y_1_2 30
52 t 32
52 t 34
52 t 36
52 t 38
52 t 41
52 y_1_2 43
52 y_1_2 45
52 t 47
52 y_1_2 49
52 x_1_2 50
52 x_1_2 52
52 y_1_2 54
53 cz 1 2
53 cz 8 9
53 cz 11 12
53 cz 18 19
53 cz 21 22
53 cz 28 29
53 cz 31 32
53 cz 38 39
53 cz 41 42
53 cz 48 49
53 cz 51 52
53 cz 58 59
53 t 6
53 t 13
53 y_1_2 15
53 y_1_2 17
53 x_1_2 20
53 y_1_2 24
53 t 26
53 x_1_2 33
53 y_1_2 35
53 t 37
53 t 40
53 y_1_2 44
53 y_1_2 46
53 x_1_2 53
54 cz 3 4
54 cz 6 7
54 cz 13 14
54 cz 16 17
54 cz 23 24
54 cz 26 27
54 cz 33 34
54 cz 36 37
54 cz 43 44
54 cz 46 47
54 cz 53 54
54 cz 56 57
54 x_1_2 1
54 t 2
54 y_1_2 8
54 t 9
54 x_1_2 11
54 t 12
54 t 18
54 y_1_2 19
54 y_1_2 21
54 y_1_2 22
54 y_1_2 28
54 t 29
54 x_1_2 31
54 x_1_2 32
54 y_1_2 38
54 t 39
54 x_1_2 41
54 x_1_2 42
54 x_1_2 48
54 t 49
54 t 51
54 y_1_2 52
54 x_1_2 58
54 t 59
55 cz 0 5
55 cz 20 25
55 cz 40 45
55 cz 11 16
55 cz 31 36
55 cz 51 56
55 cz 2 7
55 cz 22 27
55 cz 42 47
55 cz 13 18
55 cz 33 38
55 cz 53 58
55 cz 4 9
55 cz 24 29
55 cz 44 49
55 y_1_2 3
55 y_1_2 6
55 x_1_2 14
55 t 17
55 y_1_2 23
55 x_1_2 26
55 y_1_2 34
55 y_1_2 37
55 x_1_2 43
55 t 46
55 t 54
55 t 57
56 cz 10 15
56 cz 30 35
56 cz 50 55
56 cz 1 6
56 cz 21 26
56 cz 41 46
56 cz 12 17
56 cz 32 37
56 cz 52 57
56 cz 3 8
56 cz 23 28
56 cz 43 48
56 cz 14 19
56 cz 34 39
56 cz 54 59
56 t 0
56 y_1_2 2
56 y_1_2 4
56 t 5
56 y_1_2 7
56 x_1_2 9
56 t 11
56 x_1_2 13
56 t 16
56 x_1_2 18
56 y_1_2 20
56 t 22
56 t 24
56 x_1_2 25
56 y_1_2 27
56 y_1_2 29
56 t 31
56 y_1_2 33
56 x_1_2 36
56 x_1_2 38
56 y_1_2 40
56 t 42
56 x_1_2 44
56 x_1_2 45
56 y_1_2 47
56 x_1_2 49
56 x_1_2 51
56 y_1_2 53
56 y_1_2 56
56 y_1_2 58
57 cz 0 1
57 cz 7 8
57 cz 10 11
57 cz 17 18
57 cz 20 21
57 cz 27 28
57 cz 30 31
57 cz 37 38
57 cz 40 41
57 cz 47 48
57 cz 50 51
57 cz 57 58
57 x_1_2 3
57 t 6
57 y_1_2 12
57 t 14
57 x_1_2 15
57 x_1_2 19
57 x_1_2 23
57 y_1_2 26
57 t 32
57 x_1_2 34
57 t 35
57 y_1_2 39
57 t 43
57 x_1_2 46
57 t 52
57 x_1_2 54
57 t 55
57 y_1_2 59
58 cz 2 3
58 cz 5 6
58 cz 12 13
58 cz 15 16
58 cz 22 23
58 cz 25 26
58 cz 32 33
58 cz 35 36
58 cz 42 43
58 cz 45 46
58 cz 52 53
58 cz 55 56
58 y_1_2 0
58 y_1_2 1
58 t 7
58 t 8
58 t 10
58 y_1_2 11
58 x_1_2 17
58 y_1_2 18
58 t 20
58 t 21
58 t 27
58 t 28
58 t 30
58 x_1_2 31
58 x_1_2 37
58 t 38
58 t 40
58 y_1_2 41
58 t 47
58 t 48
58 y_1_2 50
58 y_1_2 51
58 x_1_2 57
58 t 58
59 cz 5 10
59 cz 25 30
59 cz 45 50
59 cz 16 21
59 cz 36 41
59 cz 7 12
59 cz 27 32
59 cz 47 52
59 cz 18 23
59 cz 38 43
59 cz 9 14
59 cz 29 34
59 cz 49 54
59 x_1_2 2
59 y_1_2 3
59 y_1_2 6
59 t 13
59 t 15
59 y_1_2 22
59 x_1_2 26
59 x_1_2 33
59 x_1_2 35
59 y_1_2 42
59 y_1_2 46
59 t 53
59 y_1_2 55
59 t 56
60 cz 15 20
60 cz 35 40
60 cz 6 11
60 cz 26 31
60 cz 46 51
60 cz 17 22
60 cz 37 42
60 cz 8 13
60 cz 28 33
60 cz 48 53
60 cz 19 24
60 cz 39 44
60 y_1_2 5
60 y_1_2 7
60 t 9
60 x_1_2 10
60 x_1_2 12
60 y_1_2 14
60 x_1_2 16
60 x_1_2 18
60 y_1_2 21
60 y_1_2 23
60 y_1_2 25
60 x_1_2 27
60 x_1_2 29
60 x_1_2 30
60 x_1_2 32
60 y_1_2 34
60 y_1_2 36
60 x_1_2 38
60 t 41
60 x_1_2 43
60 t 45
60 x_1_2 47
60 y_1_2 49
60 x_1_2 50
60 y_1_2 52
60 y_1_2 54
61 cz 1 2
61 cz 8 9
61 cz 11 12
61 cz 18 19
61 cz 21 22
61 cz 28 29
61 cz 31 32
61 cz 38 39
61 cz 41 42
61 cz 48 49
61 cz 51 52
61 cz 58 59
61 t 6
61 y_1_2 13
61 x_1_2 15
61 t 17
61 x_1_2 20
61 y_1_2 24
61 y_1_2 26
61 t 33
61 y_1_2 35
61 t 37
61 y_1_2 40
61 y_1_2 44
61 x_1_2 46
61 y_1_2 53
62 cz 3 4
62 cz 6 7
62 cz 13 14
62 cz 16 17
62 cz 23 24
62 cz 26 27
62 cz 33 34
62 cz 36 37
62 cz 43 44
62 cz 46 47
62 cz 53 54
62 cz 56 57
62 t 1
62 y_1_2 2
62 y_1_2 8
62 x_1_2 9
62 t 11
62 t 12
62 t 18
62 y_1_2 19
62 t 21
62 t 22
62 y_1_2 28
62 t 29
62 t 31
62 t 32
62 y_1_2 38
62 x_1_2 39
62 y_1_2 41
62 t 42
62 x_1_2 48
62 t 49
62 t 51
62 x_1_2 52
62 y_1_2 58
62 x_1_2 59
63 cz 0 5
63 cz 20 25
63 cz 40 45
63 cz 11 16
63 cz 31 36
63 cz 51 56
63 cz 2 7
63 cz 22 27
63 cz 42 47
63 cz 13 18
63 cz 33 38
63 cz 53 58
63 cz 4 9
63 cz 24 29
63 cz 44 49
63 x_1_2 3
63 x_1_2 6
63 t 14
63 y_1_2 17
63 x_1_2 23
63 t 26
63 t 34
63 x_1_2 37
63 y_1_2 43
63 t 46
63 t 54
63 y_1_2 57
64 cz 10 15
64 cz 30 35
64 cz 50 55
64 cz 1 6
64 cz 21 26
64 cz 41 46
64 cz 12 17
64 cz 32 37
64 cz 52 57
64 cz 3 8
64 cz 23 28
64 cz 43 48
64 cz 14 19
64 cz 34 39
64 cz 54 59
64 x_1_2 0
64 x_1_2 2
64 x_1_2 4
64 x_1_2 5
64 t 7
64 y_1_2 9
64 y_1_2 11
64 x_1_2 13
64 y_1_2 16
64 y_1_2 18
64 t 20
64 x_1_2 22
64 x_1_2 24
64 t 25
64 y_1_2 27
64 x_1_2 29
64 x_1_2 31
64 y_1_2 33
64 x_1_2 36
64 t 38
64 t 40
64 y_1_2 42
64 x_1_2 44
64 x_1_2 45
64 t 47
64 y_1_2 49
64 x_1_2 51
64 x_1_2 53
64 x_1_2 56
64 t 58
65 cz 0 1
65 cz 7 8
65 cz 10 11
65 cz 17 18
65 cz 20 21
65 cz 27 28
65 cz 30 31
65 cz 37 38
65 cz 40 41
65 cz 47 48
65 cz 50 51
65 cz 57 58
65 t 3
65 t 6
65 y_1_2 12
65 x_1_2 14
65 t 15
65 t 19
65 y_1_2 23
65 x_1_2 26
65 y_1_2 32
65 x_1_2 34
65 x_1_2 35
65 y_1_2 39
65 t 43
65 x_1_2 46
65 t 52
65 y_1_2 54
65 t 55
65 t 59
66 cz 2 3
66 cz 5 6
66 cz 12 13
66 cz 15 16
66 cz 22 23
66 cz 25 26
66 cz 32 33
66 cz 35 36
66 cz 42 43
66 cz 45 46
66 cz 52 53
66 cz 55 56
66 y_1_2 0
66 y_1_2 1
66 y_1_2 7
66 t 8
66 y_1_2 10
66 t 11
66 x_1_2 17
66 x_1_2 18
66 y_1_2 20
66 y_1_2 21
66 x_1_2 27
66 x_1_2 28
66 t 30
66 y_1_2 31
66 t 37
66 y_1_2 38
66 x_1_2 40
66 t 41
66 x_1_2 47
66 y_1_2 48
66 t 50
66 t 51
66 t 57
66 y_1_2 58
67 cz 5 10
67 cz 25 30
67 cz 45 50
67 cz 16 21
67 cz 36 41
67 cz 7 12
67 cz 27 32
67 cz 47 52
67 cz 18 23
67 cz 38 43
67 cz 9 14
67 cz 29 34
67 cz 49 54
67 y_1_2 2
67 x_1_2 3
67 y_1_2 6
67 y_1_2 13
67 y_1_2 15
67 y_1_2 22
67 t 26
67 x_1_2 33
67 y_1_2 35
67 t 42
67 t 46
67 t 53
67 y_1_2 55
67 t 56
68 cz 15 20
68 cz 35 40
68 cz 6 11
68 cz 26 31
68 cz 46 51
68 cz 17 22
68 cz 37 42
68 cz 8 13
68 cz 28 33
68 cz 48 53
68 cz 19 24
68 cz 39 44
68 y_1_2 5
68 x_1_2 7
68 t 9
68 x_1_2 10
68 x_1_2 12
68 t 14
68 x_1_2 16
68 t 18
68 t 21
68 t 23
68 x_1_2 25
68 y_1_2 27
68 y_1_2 29
68 x_1_2 30
68 x_1_2 32
68 t 34
68 y_1_2 36
68 t 38
68 y_1_2 41
68 y_1_2 43
68 y_1_2 45
68 t 47
68 x_1_2 49
68 y_1_2 50
68 x_1_2 52
68 x_1_2 54
69 cz 1 2
69 cz 8 9
69 cz 11 12
69 cz 18 19
69 cz 21 22
69 cz 28 29
69 cz 31 32
69 cz 38 39
69 cz 41 42
69 cz 48 49
69 cz 51 52
69 cz 58 59
69 t 6
69 t 13
69 t 15
69 y_1_2 17
69 x_1_2 20
69 t 24
69 x_1_2 26
69 t 33
69 t 35
69 y_1_2 37
69 y_1_2 40
69 y_1_2 44
69 x_1_2 46
69 y_1_2 53
70 cz 3 4
70 cz 6 7
70 cz 13 14
70 cz 16 17
70 cz 23 24
70 cz 26 27
70 cz 33 34
70 cz 36 37
70 cz 43 44
70 cz 46 47
70 cz 53 54
70 cz 56 57
70 t 1
70 x_1_2 2
70 x_1_2 8
70 y_1_2 9
70 y_1_2 11
70 y_1_2 12
70 y_1_2 18
70 x_1_2 19
70 x_1_2 21
70 x_1_2 22
70 y_1_2 28
70 x_1_2 29
70 x_1_2 31
70 t 32
70 x_1_2 38
70 t 39
70 t 41
70 x_1_2 42
70 t 48
70 y_1_2 49
70 x_1_2 51
70 y_1_2 52
70 t 58
70 y_1_2 59
71 cz 0 5
71 cz 20 25
71 cz 40 45
71 cz 11 16
71 cz 31 36
71 cz 51 56
71 cz 2 7
71 cz 22 27
71 cz 42 47
71 cz 13 18
71 cz 33 38
71 cz 53 58
71 cz 4 9
71 cz 24 29
71 cz 44 49
71 y_1_2 3
71 x_1_2 6
71 y_1_2 14
71 t 17
71 x_1_2 23
71 t 26
71 y_1_2 34
71 x_1_2 37
71 t 43
71 y_1_2 46
71 y_1_2 54
71 y_1_2 57
72 cz 10 15
72 cz 30 35
72 cz 50 55
72 cz 1 6
72 cz 21 26
72 cz 41 46
72 cz 12 17
72 cz 32 37
72 cz 52 57
72 cz 3 8
72 cz 23 28
72 cz 43 48
72 cz 14 19
72 cz 34 39
72 cz 54 59
72 x_1_2 0
72 y_1_2 2
72 y_1_2 4
72 t 5
72 t 7
72 x_1_2 9
72 x_1_2 11
72 y_1_2 13
72 t 16
72 x_1_2 18
72 y_1_2 20
72 y_1_2 22
72 x_1_2 24
72 y_1_2 25
72 t 27
72 y_1_2 29
72 y_1_2 31
72 x_1_2 33
72 t 36
72 t 38
72 t 40
72 t 42
72 t 44
72 x_1_2 45
72 x_1_2 47
72 x_1_2 49
72 t 51
72 t 53
72 y_1_2 56
72 x_1_2 58
73 cz 0 1
73 cz 7 8
73 cz 10 11
73 cz 17 18
73 cz 20 21
73 cz 27 28
73 cz 30 31
73 cz 37 38
73 cz 40 41
73 cz 47 48
73 cz 50 51
73 cz 57 58
73 x_1_2 3
73 t 6
73 x_1_2 12
73 x_1_2 14
73 y_1_2 15
73 t 19
73 t 23
73 x_1_2 26
73 y_1_2 32
73 t 34
73 x_1_2 35
73 y_1_2 39
73 y_1_2 43
73 t 46
73 t 52
73 t 54
73 t 55
73 t 59
74 cz 2 3
74 cz 5 6
74 cz 12 13
74 cz 15 16
74 cz 22 23
74 cz 25 26
74 cz 32 33
74 cz 35 36
74 cz 42 43
74 cz 45 46
74 cz 52 53
74 cz 55 56
74 t 0
74 y_1_2 1
74 x_1_2 7
74 t 8
74 y_1_2 10
74 t 11
74 y_1_2 17
74 y_1_2 18
74 x_1_2 20
74 y_1_2 21
74 y_1_2 27
74 x_1_2 28
74 t 30
74 t 31
74 t 37
74 x_1_2 38
74 y_1_2 40
74 y_1_2 41
74 t 47
74 x_1_2 48
74 t 50
74 y_1_2 51
74 x_1_2 57
74 t 58
75 cz 5 10
75 cz 25 30
75 cz 45 50
75 cz 16 21
75 cz 36 41
75 cz 7 12
75 cz 27 32
75 cz 47 52
75 cz 18 23
75 cz 38 43
75 cz 9 14
75 cz 29 34
75 cz 49 54
75 x_1_2 2
75 y_1_2 3
75 x_1_2 6
75 t 13
75 x_1_2 15
75 x_1_2 22
75 t 26
75 y_1_2 33
75 t 35
75 y_1_2 42
75 y_1_2 46
75 x_1_2 53
75 x_1_2 55
75 t 56
76 cz 15 20
76 cz 35 40
76 cz 6 11
76 cz 26 31
76 cz 46 51
76 cz 17 22
76 cz 37 42
76 cz 8 13
76 cz 28 33
76 cz 48 53
76 cz 19 24
76 cz 39 44
76 x_1_2 5
76 y_1_2 7
76 t 9
76 t 10
76 t 12
76 t 14
76 y_1_2 16
76 x_1_2 18
76 x_1_2 21
76 y_1_2 23
76 x_1_2 25
76 t 27
76 x_1_2 29
76 x_1_2 30
76 x_1_2 32
76 y_1_2 34
76 x_1_2 36
76 t 38
76 t 41
76 x_1_2 43
76 y_1_2 45
76 x_1_2 47
76 y_1_2 49
76 x_1_2 50
76 x_1_2 52
76 x_1_2 54
77 cz 1 2
77 cz 8 9
77 cz 11 12
77 cz 18 19
77 cz 21 22
77 cz 28 29
77 cz 31 32
77 cz 38 39
77 cz 41 42
77 cz 48 49
77 cz 51 52
77 cz 58 59
77 y_1_2 6
77 y_1_2 13
77 y_1_2 15
77 x_1_2 17
77 y_1_2 20
77 y_1_2 24
77 y_1_2 26
77 t 33
77 y_1_2 35
77 x_1_2 37
77 x_1_2 40
77 x_1_2 44
77 t 46
77 t 53
78 cz 3 4
78 cz 6 7
78 cz 13 14
78 cz 16 17
78 cz 23 24
78 cz 26 27
78 cz 33 34
78 cz 36 37
78 cz 43 44
78 cz 46 47
78 cz 53 54
78 cz 56 57
78 x_1_2 1
78 y_1_2 2
78 x_1_2 8
78 x_1_2 9
78 y_1_2 11
78 x_1_2 12
78 t 18
78 y_1_2 19
78 t 21
78 y_1_2 22
78 t 28
78 y_1_2 29
78 y_1_2 31
78 t 32
78 y_1_2 38
78 t 39
78 x_1_2 41
78 x_1_2 42
78 t 48
78 x_1_2 49
78 t 51
78 t 52
78 y_1_2 58
78 y_1_2 59
79 cz 0 5
79 cz 20 25
79 cz 40 45
79 cz 11 16
79 cz 31 36
79 cz 51 56
79 cz 2 7
79 cz 22 27
79 cz 42 47
79 cz 13 18
79 cz 33 38
79 cz 53 58
79 cz 4 9
79 cz 24 29
79 cz 44 49
79 x_1_2 3
79 x_1_2 6
79 x_1_2 14
79 y_1_2 17
79 x_1_2 23
79 x_1_2 26
79 t 34
79 y_1_2 37
79 y_1_2 43
79 y_1_2 46
79 y_1_2 54
79 t 57
80 cz 10 15
80 cz 30 35
80 cz 50 55
80 cz 1 6
80 cz 21 26
80 cz 41 46
80 cz 12 17
80 cz 32 37
80 cz 52 57
80 cz 3 8
80 cz 23 28
80 cz 43 48
80 cz 14 19
80 cz 34 39
80 cz 54 59
80 x_1_2 0
80 t 2
80 x_1_2 4
80 t 5
80 t 7
80 y_1_2 9
80 t 11
80 x_1_2 13
80 x_1_2 16
80 x_1_2 18
80 x_1_2 20
80 x_1_2 22
80 t 24
80 y_1_2 25
80 y_1_2 27
80 x_1_2 29
80 x_1_2 31
80 x_1_2 33
80 y_1_2 36
80 t 38
80 y_1_2 40
80 t 42
80 t 44
80 t 45
80 y_1_2 47
80 y_1_2 49
80 x_1_2 51
80 y_1_2 53
80 y_1_2 56
80 t 58
81 cz 0 1
81 cz 7 8
81 cz 10 11
81 cz 17 18
81 cz 20 21
81 cz 27 28
81 cz 30 31
81 cz 37 38
81 cz 40 41
81 cz 47 48
81 cz 50 51
81 cz 57 58
81 y_1_2 3
81 t 6
81 t 12
81 t 14
81 x_1_2 15
81 t 19
81 t 23
81 t 26
81 y_1_2 32
81 y_1_2 34
81 t 35
81 y_1_2 39
81 t 43
81 x_1_2 46
81 y_1_2 52
81 x_1_2 54
81 t 55
81 x_1_2 59
82 cz 2 3
82 cz 5 6
82 cz 12 13
82 cz 15 16
82 cz 22 23
82 cz 25 26
82 cz 32 33
82 cz 35 36
82 cz 42 43
82 cz 45 46
82 cz 52 53
82 cz 55 56
82 t 0
82 t 1
82 y_1_2 7
82 t 8
82 y_1_2 10
82 y_1_2 11
82 t 17
82 y_1_2 18
82 t 20
82 x_1_2 21
82 x_1_2 27
82 y_1_2 28
82 y_1_2 30
82 y_1_2 31
82 x_1_2 37
82 x_1_2 38
82 x_1_2 40
82 y_1_2 41
82 x_1_2 47
82 y_1_2 48
82 y_1_2 50
82 t 51
82 x_1_2 57
82 y_1_2 58
83 cz 5 10
83 cz 25 30
83 cz 45 50
83 cz 16 21
83 cz 36 41
83 cz 7 12
83 cz 27 32
83 cz 47 52
83 cz 18 23
83 cz 38 43
83 cz 9 14
83 cz 29 34
83 cz 49 54
83 x_1_2 2
83 x_1_2 3
83 y_1_2 6
83 y_1_2 13
83 y_1_2 15
83 t 22
83 x_1_2 26
83 y_1_2 33
83 x_1_2 35
83 y_1_2 42
83 y_1_2 46
83 t 53
83 y_1_2 55
83 t 56
84 cz 15 20
84 cz 35 40
84 cz 6 11
84 cz 26 31
84 cz 46 51
84 cz 17 22
84 cz 37 42
84 cz 8 13
84 cz 28 33
84 cz 48 53
84 cz 19 24
84 cz 39 44
84 x_1_2 5
84 t 7
84 t 9
84 x_1_2 10
84 y_1_2 12
84 x_1_2 14
84 y_1_2 16
84 t 18
84 y_1_2 21
84 x_1_2 23
84 t 25
84 t 27
84 t 29
84 x_1_2 30
84 x_1_2 32
84 t 34
84 t 36
84 y_1_2 38
84 t 41
84 y_1_2 43
84 x_1_2 45
84 t 47
84 t 49
84 x_1_2 50
84 x_1_2 52
84 y_1_2 54
85 cz 1 2
85 cz 8 9
85 cz 11 12
85 cz 18 19
85 cz 21 22
85 cz 28 29
85 cz 31 32
85 cz 38 39
85 cz 41 42
85 cz 48 49
85 cz 51 52
85 cz 58 59
85 x_1_2 6
85 t 13
85 x_1_2 15
85 x_1_2 17
85 x_1_2 20
85 y_1_2 24
85 t 26
85 x_1_2 33
85 t 35
85 t 37
85 t 40
85 x_1_2 44
85 t 46
85 y_1_2 53
86 cz 3 4
86 cz 6 7
86 cz 13 14
86 cz 16 17
86 cz 23 24
86 cz 26 27
86 cz 33 34
86 cz 36 37
86 cz 43 44
86 cz 46 47
86 cz 53 54
86 cz 56 57
86 x_1_2 1
86 t 2
86 x_1_2 8
86 y_1_2 9
86 t 11
86 t 12
86 x_1_2 18
86 x_1_2 19
86 x_1_2 21
86 x_1_2 22
86 t 28
86 x_1_2 29
86 t 31
86 t 32
86 x_1_2 38
86 x_1_2 39
86 y_1_2 41
86 t 42
86 x_1_2 48
86 x_1_2 49
86 y_1_2 51
86 y_1_2 52
86 x_1_2 58
86 t 59
87 cz 0 5
87 cz 20 25
87 cz 40 45
87 cz 11 16
87 cz 31 36
87 cz 51 56
87 cz 2 7
87 cz 22 27
87 cz 42 47
87 cz 13 18
87 cz 33 38
87 cz 53 58
87 cz 4 9
87 cz 24 29
87 cz 44 49
87 t 3
87 y_1_2 6
87 t 14
87 y_1_2 17
87 y_1_2 23
87 y_1_2 26
87 y_1_2 34
87 x_1_2 37
87 x_1_2 43
87 x_1_2 46
87 x_1_2 54
87 t 57
88 cz 10 15
88 cz 30 35
88 cz 50 55
88 cz 1 6
88 cz 21 26
88 cz 41 46
88 cz 12 17
88 cz 32 37
88 cz 52 57
88 cz 3 8
88 cz 23 28
88 cz 43 48
88 cz 14 19
88 cz 34 39
88 cz 54 59
88 x_1_2 0
88 x_1_2 2
88 y_1_2 4
88 y_1_2 5
88 x_1_2 7
88 x_1_2 9
88 y_1_2 11
88 x_1_2 13
88 t 16
88 y_1_2 18
88 y_1_2 20
88 y_1_2 22
88 t 24
88 y_1_2 25
88 y_1_2 27
88 t 29
88 x_1_2 31
88 y_1_2 33
88 x_1_2 36
88 t 38
88 x_1_2 40
88 y_1_2 42
88 t 44
88 t 45
88 y_1_2 47
88 t 49
88 t 51
88 t 53
88 x_1_2 56
88 t 58
89 cz 0 1
89 cz 7 8
89 cz 10 11
89 cz 17 18
89 cz 20 21
89 cz 27 28
89 cz 30 31
89 cz 37 38
89 cz 40 41
89 cz 47 48
89 cz 50 51
89 cz 57 58
89 x_1_2 3
89 t 6
89 x_1_2 12
89 x_1_2 14
89 y_1_2 15
89 y_1_2 19
89 t 23
89 x_1_2 26
89 x_1_2 32
89 t 34
89 x_1_2 35
89 t 39
89 t 43
89 y_1_2 46
89 x_1_2 52
89 t 54
89 t 55
89 x_1_2 59
90 cz 2 3
90 cz 5 6
90 cz 12 13
90 cz 15 16
90 cz 22 23
90 cz 25 26
90 cz 32 33
90 cz 35 36
90 cz 42 43
90 cz 45 46
90 cz 52 53
90 cz 55 56
90 t 0
90 y_1_2 1
90 t 7
90 y_1_2 8
90 y_1_2 10
90 x_1_2 11
90 x_1_2 17
90 x_1_2 18
90 t 20
90 y_1_2 21
90 x_1_2 27
90 x_1_2 28
90 y_1_2 30
90 t 31
90 y_1_2 37
90 y_1_2 38
90 y_1_2 40
90 x_1_2 41
90 x_1_2 47
90 y_1_2 48
90 t 50
90 x_1_2 51
90 x_1_2 57
90 x_1_2 58
91 cz 5 10
91 cz 25 30
91 cz 45 50
91 cz 16 21
91 cz 36 41
91 cz 7 12
91 cz 27 32
91 cz 47 52
91 cz 18 23
91 cz 38 43
91 cz 9 14
91 cz 29 34
91 cz 49 54
91 t 2
91 t 3
91 y_1_2 6
91 t 13
91 t 15
91 x_1_2 22
91 y_1_2 26
91 x_1_2 33
91 y_1_2 35
91 x_1_2 42
91 x_1_2 46
91 x_1_2 53
91 y_1_2 55
91 t 56
92 cz 15 20
92 cz 35 40
92 cz 6 11
92 cz 26 31
92 cz 46 51
92 cz 17 22
92 cz 37 42
92 cz 8 13
92 cz 28 33
92 cz 48 53
92 cz 19 24
92 cz 39 44
92 t 5
92 x_1_2 7
92 t 9
92 x_1_2 10
92 y_1_2 12
92 t 14
92 x_1_2 16
92 t 18
92 x_1_2 21
92 y_1_2 23
92 x_1_2 25
92 t 27
92 x_1_2 29
92 t 30
92 t 32
92 y_1_2 34
92 y_1_2 36
92 t 38
92 t 41
92 x_1_2 43
92 y_1_2 45
92 y_1_2 47
92 y_1_2 49
92 x_1_2 50
92 y_1_2 52
92 y_1_2 54
93 cz 1 2
93 cz 8 9
93 cz 11 12
93 cz 18 19
93 cz 21 22
93 cz 28 29
93 cz 31 32
93 cz 38 39
93 cz 41 42
93 cz 48 49
93 cz 51 52
93 cz 58 59
93 t 6
93 x_1_2 13
93 y_1_2 15
93 t 17
93 x_1_2 20
93 x_1_2 24
93 x_1_2 26
93 t 33
93 t 35
93 t 37
93 t 40
93 x_1_2 44
93 t 46
93 y_1_2 53
94 cz 3 4
94 cz 6 7
94 cz 13 14
94 cz 16 17
94 cz 23 24
94 cz 26 27
94 cz 33 34
94 cz 36 37
94 cz 43 44
94 cz 46 47
94 cz 53 54
94 cz 56 57
94 t 1
94 x_1_2 2
94 x_1_2 8
94 y_1_2 9
94 t 11
94 t 12
94 x_1_2 18
94 t 19
94 t 21
94 y_1_2 22
94 t 28
94 y_1_2 29
94 x_1_2 31
94 x_1_2 32
94 y_1_2 38
94 x_1_2 39
94 y_1_2 41
94 t 42
94 x_1_2 48
94 t 49
94 t 51
94 x_1_2 52
94 y_1_2 58
94 t 59
95 cz 0 5
95 cz 20 25
95 cz 40 45
95 cz 11 16
95 cz 31 36
95 cz 51 56
95 cz 2 7
95 cz 22 27
95 cz 42 47
95 cz 13 18
95 cz 33 38
95 cz 53 58
95 cz 4 9
95 cz 24 29
95 cz 44 49
95 x_1_2 3
95 x_1_2 6
95 y_1_2 14
95 y_1_2 17
95 t 23
95 y_1_2 26
95 t 34
95 y_1_2 37
95 t 43
95 x_1_2 46
95 t 54
95 y_1_2 57
96 cz 10 15
96 cz 30 35
96 cz 50 55
96 cz 1 6
96 cz 21 26
96 cz 41 46
96 cz 12 17
96 cz 32 37
96 cz 52 57
96 cz 3 8
96 cz 23 28
96 cz 43 48
96 cz 14 19
96 cz 34 39
96 cz 54 59
96 x_1_2 0
96 y_1_2 2
96 x_1_2 4
96 y_1_2 5
96 t 7
96 x_1_2 9
96 x_1_2 11
96 t 13
96 y_1_2 16
96 y_1_2 18
96 t 20
96 t 22
96 y_1_2 24
96 t 25
96 x_1_2 27
96 x_1_2 29
96 t 31
96 y_1_2 33
96 t 36
96 t 38
96 y_1_2 40
96 y_1_2 42
96 y_1_2 44
96 t 45
96 t 47
96 y_1_2 49
96 x_1_2 51
96 x_1_2 53
96 x_1_2 56
96 x_1_2 58
97 cz 0 1
97 cz 7 8
97 cz 10 11
97 cz 17 18
97 cz 20 21
97 cz 27 28
97 cz 30 31
97 cz 37 38
97 cz 40 41
97 cz 47 48
97 cz 50 51
97 cz 57 58
97 t 3
97 y_1_2 6
97 x_1_2 12
97 t 14
97 t 15
97 y_1_2 19
97 y_1_2 23
97 t 26
97 t 32
97 x_1_2 34
97 x_1_2 35
97 y_1_2 39
97 y_1_2 43
97 t 46
97 t 52
97 x_1_2 54
97 t 55
97 y_1_2 59
98 cz 2 3
98 cz 5 6
98 cz 12 13
98 cz 15 16
98 cz 22 23
98 cz 25 26
98 cz 32 33
98 cz 35 36
98 cz 42 43
98 cz 45 46
98 cz 52 53
98 cz 55 56
98 y_1_2 0
98 x_1_2 1
98 y_1_2 7
98 t 8
98 y_1_2 10
98 y_1_2 11
98 t 17
98 t 18
98 y_1_2 20
98 y_1_2 21
98 t 27
98 y_1_2 28
98 y_1_2 30
98 x_1_2 31
98 t 37
98 x_1_2 38
98 x_1_2 40
98 x_1_2 41
98 y_1_2 47
98 y_1_2 48
98 t 50
98 y_1_2 51
98 x_1_2 57
98 t 58
99 cz 5 10
99 cz 25 30
99 cz 45 50
99 cz 16 21
99 cz 36 41
99 cz 7 12
99 cz 27 32
99 cz 47 52
99 cz 18 23
99 cz 38 43
99 cz 9 14
99 cz 29 34
99 cz 49 54
99 x_1_2 2
99 x_1_2 3
99 t 6
99 x_1_2 13
99 x_1_2 15
99 x_1_2 22
99 x_1_2 26
99 t 33
99 t 35
99 t 42
99 y_1_2 46
99 y_1_2 53
99 x_1_2 55
99 t 56
100 cz 15 20
100 cz 35 40
100 cz 6 11
100 cz 26 31
100 cz 46 51
100 cz 17 22
100 cz 37 42
100 cz 8 13
100 cz 28 33
100 cz 48 53
100 cz 19 24
100 cz 39 44
100 t 5
100 t 7
100 y_1_2 9
100 x_1_2 10
100 t 12
100 x_1_2 14
100 t 16
100 x_1_2 18
100 t 21
100 t 23
100 x_1_2 25
100 x_1_2 27
100 y_1_2 29
100 x_1_2 30
100 y_1_2 32
100 t 34
100 y_1_2 36
100 y_1_2 38
100 t 41
100 x_1_2 43
100 x_1_2 45
100 t 47
100 x_1_2 49
100 y_1_2 50
100 x_1_2 52
100 t 54
