45
0 h 0
0 h 1
0 h 2
0 h 3
0 h 4
0 h 5
0 h 6
0 h 7
0 h 8
0 h 9
0 h 10
0 h 11
0 h 12
0 h 13
0 h 14
0 h 15
0 h 16
0 h 17
0 h 18
0 h 19
0 h 20
0 h 21
0 h 22
0 h 23
0 h 24
0 h 25
0 h 26
0 h 27
0 h 28
0 h 29
0 h 30
0 h 31
0 h 32
0 h 33
0 h 34
0 h 35
0 h 36
0 h 37
0 h 38
0 h 39
0 h 40
0 h 41
0 h 42
0 h 43
0 h 44
1 cz 0 1
1 cz 7 8
1 cz 10 11
1 cz 17 18
1 cz 20 21
1 cz 27 28
1 cz 30 31
1 cz 37 38
1 cz 40 41
2 cz 2 3
2 cz 5 6
2 cz 12 13
2 cz 15 16
2 cz 22 23
2 cz 25 26
2 cz 32 33
2 cz 35 36
2 cz 42 43
2 t 0
2 t 1
2 t 7
2 t 8
2 t 10
2 t 11
2 t 17
2 t 18
2 t 20
2 t 21
2 t 27
2 t 28
2 t 30
2 t 31
2 t 37
2 t 38
2 t 40
2 t 41
3 cz 5 10
3 cz 25 30
3 cz 16 21
3 cz 36 41
3 cz 7 12
3 cz 27 32
3 cz 18 23
3 cz 38 43
3 cz 9 14
3 cz 29 34
3 t 2
3 t 3
3 t 6
3 t 13
3 t 15
3 t 22
3 t 26
3 t 33
3 t 35
3 t 42
4 cz 15 20
4 cz 35 40
4 cz 6 11
4 cz 26 31
4 cz 17 22
4 cz 37 42
4 cz 8 13
4 cz 28 33
4 cz 19 24
4 cz 39 44
4 t 5
4 y_1_2 7
4 t 9
4 y_1_2 10
4 t 12
4 t 14
4 t 16
4 x_1_2 18
4 x_1_2 21
4 t 23
4 t 25
4 y_1_2 27
4 t 29
4 x_1_2 30
4 t 32
4 t 34
4 t 36
4 y_1_2 38
4 x_1_2 41
4 t 43
5 cz 1 2
5 cz 8 9
5 cz 11 12
5 cz 18 19
5 cz 21 22
5 cz 28 29
5 cz 31 32
5 cz 38 39
5 cz 41 42
5 x_1_2 6
5 y_1_2 13
5 y_1_2 15
5 y_1_2 17
5 x_1_2 20
5 t 24
5 y_1_2 26
5 y_1_2 33
5 x_1_2 35
5 y_1_2 37
5 y_1_2 40
5 t 44
6 cz 3 4
6 cz 6 7
6 cz 13 14
6 cz 16 17
6 cz 23 24
6 cz 26 27
6 cz 33 34
6 cz 36 37
6 cz 43 44
6 y_1_2 1
6 y_1_2 2
6 x_1_2 8
6 y_1_2 9
6 y_1_2 11
6 y_1_2 12
6 t 18
6 t 19
6 t 21
6 x_1_2 22
6 y_1_2 28
6 y_1_2 29
6 y_1_2 31
6 x_1_2 32
6 x_1_2 38
6 t 39
6 t 41
6 y_1_2 42
7 cz 0 5
7 cz 20 25
7 cz 11 16
7 cz 31 36
7 cz 2 7
7 cz 22 27
7 cz 13 18
7 cz 33 38
7 cz 4 9
7 cz 24 29
7 y_1_2 3
7 t 6
7 y_1_2 14
7 t 17
7 y_1_2 23
7 x_1_2 26
7 x_1_2 34
7 t 37
7 y_1_2 43
7 x_1_2 44
8 cz 10 15
8 cz 30 35
8 cz 1 6
8 cz 21 26
8 cz 12 17
8 cz 32 37
8 cz 3 8
8 cz 23 28
8 cz 14 19
8 cz 34 39
8 x_1_2 0
8 x_1_2 2
8 t 4
8 x_1_2 5
8 x_1_2 7
8 t 9
8 x_1_2 11
8 x_1_2 13
8 x_1_2 16
8 x_1_2 18
8 t 20
8 y_1_2 22
8 y_1_2 24
8 x_1_2 25
8 x_1_2 27
8 x_1_2 29
8 x_1_2 31
8 x_1_2 33
8 y_1_2 36
8 y_1_2 38
9 cz 0 1
9 cz 7 8
9 cz 10 11
9 cz 17 18
9 cz 20 21
9 cz 27 28
9 cz 30 31
9 cz 37 38
9 cz 40 41
9 x_1_2 3
9 y_1_2 6
9 t 12
9 x_1_2 14
9 t 15
9 y_1_2 19
9 t 23
9 t 26
9 t 32
9 y_1_2 34
9 y_1_2 35
9 x_1_2 39
10 cz 2 3
10 cz 5 6
10 cz 12 13
10 cz 15 16
10 cz 22 23
10 cz 25 26
10 cz 32 33
10 cz 35 36
10 cz 42 43
10 t 0
10 x_1_2 1
10 y_1_2 7
10 y_1_2 8
10 x_1_2 10
10 y_1_2 11
10 y_1_2 17
10 y_1_2 18
10 x_1_2 20
10 y_1_2 21
10 t 27
10 x_1_2 28
10 y_1_2 30
10 y_1_2 31
10 y_1_2 37
10 x_1_2 38
10 x_1_2 40
10 x_1_2 41
11 cz 5 10
11 cz 25 30
11 cz 16 21
11 cz 36 41
11 cz 7 12
11 cz 27 32
11 cz 18 23
11 cz 38 43
11 cz 9 14
11 cz 29 34
11 y_1_2 2
11 y_1_2 3
11 x_1_2 6
11 y_1_2 13
11 x_1_2 15
11 x_1_2 22
11 x_1_2 26
11 y_1_2 33
11 x_1_2 35
11 t 42
12 cz 15 20
12 cz 35 40
12 cz 6 11
12 cz 26 31
12 cz 17 22
12 cz 37 42
12 cz 8 13
12 cz 28 33
12 cz 19 24
12 cz 39 44
12 y_1_2 5
12 t 7
12 x_1_2 9
12 y_1_2 10
12 x_1_2 12
12 y_1_2 14
12 t 16
12 t 18
12 x_1_2 21
12 x_1_2 23
12 y_1_2 25
12 y_1_2 27
12 y_1_2 29
12 x_1_2 30
12 x_1_2 32
12 x_1_2 34
12 x_1_2 36
12 y_1_2 38
12 t 41
12 t 43
13 cz 1 2
13 cz 8 9
13 cz 11 12
13 cz 18 19
13 cz 21 22
13 cz 28 29
13 cz 31 32
13 cz 38 39
13 cz 41 42
13 y_1_2 6
13 t 13
13 t 15
13 x_1_2 17
13 t 20
13 t 24
13 t 26
13 x_1_2 33
13 y_1_2 35
13 t 37
13 t 40
13 t 44
14 cz 3 4
14 cz 6 7
14 cz 13 14
14 cz 16 17
14 cz 23 24
14 cz 26 27
14 cz 33 34
14 cz 36 37
14 cz 43 44
14 t 1
14 t 2
14 x_1_2 8
14 t 9
14 t 11
14 y_1_2 12
14 x_1_2 18
14 t 19
14 y_1_2 21
14 t 22
14 t 28
14 x_1_2 29
14 x_1_2 31
14 y_1_2 32
14 t 38
14 y_1_2 39
14 y_1_2 41
14 x_1_2 42
15 cz 0 5
15 cz 20 25
15 cz 11 16
15 cz 31 36
15 cz 2 7
15 cz 22 27
15 cz 13 18
15 cz 33 38
15 cz 4 9
15 cz 24 29
15 x_1_2 3
15 x_1_2 6
15 t 14
15 t 17
15 y_1_2 23
15 x_1_2 26
15 t 34
15 x_1_2 37
15 x_1_2 43
15 y_1_2 44
16 cz 10 15
16 cz 30 35
16 cz 1 6
16 cz 21 26
16 cz 12 17
16 cz 32 37
16 cz 3 8
16 cz 23 28
16 cz 14 19
16 cz 34 39
16 y_1_2 0
16 x_1_2 2
16 x_1_2 4
16 x_1_2 5
16 x_1_2 7
16 y_1_2 9
16 x_1_2 11
16 y_1_2 13
16 x_1_2 16
16 t 18
16 x_1_2 20
16 x_1_2 22
16 y_1_2 24
16 t 25
16 t 27
16 t 29
16 y_1_2 31
16 y_1_2 33
16 y_1_2 36
16 y_1_2 38
17 cz 0 1
17 cz 7 8
17 cz 10 11
17 cz 17 18
17 cz 20 21
17 cz 27 28
17 cz 30 31
17 cz 37 38
17 cz 40 41
17 t 3
17 t 6
17 x_1_2 12
17 x_1_2 14
17 x_1_2 15
17 x_1_2 19
17 t 23
17 y_1_2 26
17 t 32
17 y_1_2 34
17 x_1_2 35
17 t 39
18 cz 2 3
18 cz 5 6
18 cz 12 13
18 cz 15 16
18 cz 22 23
18 cz 25 26
18 cz 32 33
18 cz 35 36
18 cz 42 43
18 t 0
18 y_1_2 1
18 t 7
18 y_1_2 8
18 t 10
18 t 11
18 x_1_2 17
18 x_1_2 18
18 y_1_2 20
18 t 21
18 y_1_2 27
18 y_1_2 28
18 y_1_2 30
18 t 31
18 t 37
18 t 38
18 y_1_2 40
18 x_1_2 41
19 cz 5 10
19 cz 25 30
19 cz 16 21
19 cz 36 41
19 cz 7 12
19 cz 27 32
19 cz 18 23
19 cz 38 43
19 cz 9 14
19 cz 29 34
19 y_1_2 2
19 x_1_2 3
19 y_1_2 6
19 x_1_2 13
19 t 15
19 y_1_2 22
19 x_1_2 26
19 t 33
19 y_1_2 35
19 t 42
20 cz 15 20
20 cz 35 40
20 cz 6 11
20 cz 26 31
20 cz 17 22
20 cz 37 42
20 cz 8 13
20 cz 28 33
20 cz 19 24
20 cz 39 44
20 t 5
20 y_1_2 7
20 t 9
20 y_1_2 10
20 y_1_2 12
20 t 14
20 t 16
20 y_1_2 18
20 y_1_2 21
20 x_1_2 23
20 y_1_2 25
20 t 27
20 y_1_2 29
20 t 30
20 x_1_2 32
20 t 34
20 t 36
20 y_1_2 38
20 y_1_2 41
20 t 43
21 cz 1 2
21 cz 8 9
21 cz 11 12
21 cz 18 19
21 cz 21 22
21 cz 28 29
21 cz 31 32
21 cz 38 39
21 cz 41 42
21 x_1_2 6
21 y_1_2 13
21 x_1_2 15
21 y_1_2 17
21 t 20
21 t 24
21 t 26
21 y_1_2 33
21 x_1_2 35
21 y_1_2 37
21 x_1_2 40
21 x_1_2 44
22 cz 3 4
22 cz 6 7
22 cz 13 14
22 cz 16 17
22 cz 23 24
22 cz 26 27
22 cz 33 34
22 cz 36 37
22 cz 43 44
22 t 1
22 x_1_2 2
22 x_1_2 8
22 y_1_2 9
22 y_1_2 11
22 x_1_2 12
22 x_1_2 18
22 t 19
22 x_1_2 21
22 t 22
22 x_1_2 28
22 t 29
22 x_1_2 31
22 t 32
22 x_1_2 38
22 y_1_2 39
22 t 41
22 y_1_2 42
23 cz 0 5
23 cz 20 25
23 cz 11 16
23 cz 31 36
23 cz 2 7
23 cz 22 27
23 cz 13 18
23 cz 33 38
23 cz 4 9
23 cz 24 29
23 t 3
23 t 6
23 y_1_2 14
23 t 17
23 t 23
23 y_1_2 26
23 x_1_2 34
23 t 37
23 x_1_2 43
23 t 44
24 cz 10 15
24 cz 30 35
24 cz 1 6
24 cz 21 26
24 cz 12 17
24 cz 32 37
24 cz 3 8
24 cz 23 28
24 cz 14 19
24 cz 34 39
24 x_1_2 0
24 y_1_2 2
24 t 4
24 x_1_2 5
24 t 7
24 t 9
24 t 11
24 x_1_2 13
24 x_1_2 16
24 y_1_2 18
24 y_1_2 20
24 x_1_2 22
24 x_1_2 24
24 x_1_2 25
24 x_1_2 27
24 x_1_2 29
24 y_1_2 31
24 x_1_2 33
24 y_1_2 36
24 y_1_2 38
25 cz 0 1
25 cz 7 8
25 cz 10 11
25 cz 17 18
25 cz 20 21
25 cz 27 28
25 cz 30 31
25 cz 37 38
25 cz 40 41
25 x_1_2 3
25 y_1_2 6
25 y_1_2 12
25 t 14
25 t 15
25 y_1_2 19
25 x_1_2 23
25 t 26
25 x_1_2 32
25 y_1_2 34
25 t 35
25 t 39
26 cz 2 3
26 cz 5 6
26 cz 12 13
26 cz 15 16
26 cz 22 23
26 cz 25 26
26 cz 32 33
26 cz 35 36
26 cz 42 43
26 y_1_2 0
26 y_1_2 1
26 x_1_2 7
26 t 8
26 x_1_2 10
26 x_1_2 11
26 y_1_2 17
26 t 18
26 t 20
26 t 21
26 y_1_2 27
26 y_1_2 28
26 y_1_2 30
26 t 31
26 y_1_2 37
26 t 38
26 t 40
26 x_1_2 41
27 cz 5 10
27 cz 25 30
27 cz 16 21
27 cz 36 41
27 cz 7 12
27 cz 27 32
27 cz 18 23
27 cz 38 43
27 cz 9 14
27 cz 29 34
27 t 2
27 y_1_2 3
27 t 6
27 t 13
27 x_1_2 15
27 t 22
27 y_1_2 26
27 t 33
27 y_1_2 35
27 x_1_2 42
28 cz 15 20
28 cz 35 40
28 cz 6 11
28 cz 26 31
28 cz 17 22
28 cz 37 42
28 cz 8 13
28 cz 28 33
28 cz 19 24
28 cz 39 44
28 t 5
28 t 7
28 y_1_2 9
28 y_1_2 10
28 t 12
28 y_1_2 14
28 t 16
28 x_1_2 18
28 x_1_2 21
28 y_1_2 23
28 t 25
28 x_1_2 27
28 t 29
28 t 30
28 y_1_2 32
28 x_1_2 34
28 x_1_2 36
28 x_1_2 38
28 t 41
28 t 43
29 cz 1 2
29 cz 8 9
29 cz 11 12
29 cz 18 19
29 cz 21 22
29 cz 28 29
29 cz 31 32
29 cz 38 39
29 cz 41 42
29 y_1_2 6
29 y_1_2 13
29 y_1_2 15
29 x_1_2 17
29 y_1_2 20
29 t 24
29 t 26
29 y_1_2 33
29 t 35
29 t 37
29 x_1_2 40
29 x_1_2 44
30 cz 3 4
30 cz 6 7
30 cz 13 14
30 cz 16 17
30 cz 23 24
30 cz 26 27
30 cz 33 34
30 cz 36 37
30 cz 43 44
30 x_1_2 1
30 x_1_2 2
30 x_1_2 8
30 t 9
30 y_1_2 11
30 y_1_2 12
30 y_1_2 18
30 x_1_2 19
30 y_1_2 21
30 y_1_2 22
30 x_1_2 28
30 y_1_2 29
30 y_1_2 31
30 x_1_2 32
30 y_1_2 38
30 y_1_2 39
30 x_1_2 41
30 y_1_2 42
31 cz 0 5
31 cz 20 25
31 cz 11 16
31 cz 31 36
31 cz 2 7
31 cz 22 27
31 cz 13 18
31 cz 33 38
31 cz 4 9
31 cz 24 29
31 x_1_2 3
31 x_1_2 6
31 t 14
31 y_1_2 17
31 t 23
31 y_1_2 26
31 y_1_2 34
31 y_1_2 37
31 y_1_2 43
31 t 44
32 cz 10 15
32 cz 30 35
32 cz 1 6
32 cz 21 26
32 cz 12 17
32 cz 32 37
32 cz 3 8
32 cz 23 28
32 cz 14 19
32 cz 34 39
32 t 0
32 y_1_2 2
32 x_1_2 4
32 x_1_2 5
32 y_1_2 7
32 y_1_2 9
32 t 11
32 t 13
32 y_1_2 16
32 t 18
32 x_1_2 20
32 t 22
32 x_1_2 24
32 y_1_2 25
32 t 27
32 t 29
32 t 31
32 t 33
32 y_1_2 36
32 x_1_2 38
33 cz 0 1
33 cz 7 8
33 cz 10 11
33 cz 17 18
33 cz 20 21
33 cz 27 28
33 cz 30 31
33 cz 37 38
33 cz 40 41
33 y_1_2 3
33 t 6
33 x_1_2 12
33 x_1_2 14
33 x_1_2 15
33 t 19
33 x_1_2 23
33 t 26
33 t 32
33 t 34
33 y_1_2 35
33 x_1_2 39
34 cz 2 3
34 cz 5 6
34 cz 12 13
34 cz 15 16
34 cz 22 23
34 cz 25 26
34 cz 32 33
34 cz 35 36
34 cz 42 43
34 x_1_2 0
34 y_1_2 1
34 t 7
34 t 8
34 x_1_2 10
34 x_1_2 11
34 x_1_2 17
34 y_1_2 18
34 t 20
34 x_1_2 21
34 x_1_2 27
34 t 28
34 y_1_2 30
34 y_1_2 31
34 x_1_2 37
34 t 38
34 y_1_2 40
34 y_1_2 41
35 cz 5 10
35 cz 25 30
35 cz 16 21
35 cz 36 41
35 cz 7 12
35 cz 27 32
35 cz 18 23
35 cz 38 43
35 cz 9 14
35 cz 29 34
35 x_1_2 2
35 x_1_2 3
35 y_1_2 6
35 y_1_2 13
35 y_1_2 15
35 y_1_2 22
35 x_1_2 26
35 y_1_2 33
35 t 35
35 x_1_2 42
36 cz 15 20
36 cz 35 40
36 cz 6 11
36 cz 26 31
36 cz 17 22
36 cz 37 42
36 cz 8 13
36 cz 28 33
36 cz 19 24
36 cz 39 44
36 t 5
36 y_1_2 7
36 t 9
36 t 10
36 y_1_2 12
36 t 14
36 x_1_2 16
36 x_1_2 18
36 y_1_2 21
36 y_1_2 23
36 t 25
36 t 27
36 y_1_2 29
36 x_1_2 30
36 y_1_2 32
36 y_1_2 34
36 t 36
36 x_1_2 38
36 t 41
36 t 43
37 cz 1 2
37 cz 8 9
37 cz 11 12
37 cz 18 19
37 cz 21 22
37 cz 28 29
37 cz 31 32
37 cz 38 39
37 cz 41 42
37 x_1_2 6
37 x_1_2 13
37 x_1_2 15
37 t 17
37 x_1_2 20
37 y_1_2 24
37 y_1_2 26
37 t 33
37 x_1_2 35
37 y_1_2 37
37 t 40
37 y_1_2 44
38 cz 3 4
38 cz 6 7
38 cz 13 14
38 cz 16 17
38 cz 23 24
38 cz 26 27
38 cz 33 34
38 cz 36 37
38 cz 43 44
38 x_1_2 1
38 y_1_2 2
38 x_1_2 8
38 x_1_2 9
38 t 11
38 t 12
38 t 18
38 x_1_2 19
38 x_1_2 21
38 x_1_2 22
38 x_1_2 28
38 x_1_2 29
38 t 31
38 t 32
38 y_1_2 38
38 y_1_2 39
38 x_1_2 41
38 t 42
39 cz 0 5
39 cz 20 25
39 cz 11 16
39 cz 31 36
39 cz 2 7
39 cz 22 27
39 cz 13 18
39 cz 33 38
39 cz 4 9
39 cz 24 29
39 t 3
39 t 6
39 y_1_2 14
39 y_1_2 17
39 t 23
39 t 26
39 t 34
39 x_1_2 37
39 x_1_2 43
39 x_1_2 44
40 cz 10 15
40 cz 30 35
40 cz 1 6
40 cz 21 26
40 cz 12 17
40 cz 32 37
40 cz 3 8
40 cz 23 28
40 cz 14 19
40 cz 34 39
40 t 0
40 t 2
40 t 4
40 y_1_2 5
40 x_1_2 7
40 y_1_2 9
40 x_1_2 11
40 y_1_2 13
40 t 16
40 y_1_2 18
40 t 20
40 y_1_2 22
40 x_1_2 24
40 y_1_2 25
40 x_1_2 27
40 t 29
40 y_1_2 31
40 x_1_2 33
40 x_1_2 36
40 t 38
41 cz 0 1
41 cz 7 8
41 cz 10 11
41 cz 17 18
41 cz 20 21
41 cz 27 28
41 cz 30 31
41 cz 37 38
41 cz 40 41
41 x_1_2 3
41 x_1_2 6
41 x_1_2 12
41 t 14
41 t 15
41 y_1_2 19
41 y_1_2 23
41 x_1_2 26
41 x_1_2 32
41 y_1_2 34
41 t 35
41 t 39
42 cz 2 3
42 cz 5 6
42 cz 12 13
42 cz 15 16
42 cz 22 23
42 cz 25 26
42 cz 32 33
42 cz 35 36
42 cz 42 43
42 x_1_2 0
42 y_1_2 1
42 t 7
42 t 8
42 x_1_2 10
42 y_1_2 11
42 t 17
42 t 18
42 x_1_2 20
42 t 21
42 y_1_2 27
42 y_1_2 28
42 t 30
42 x_1_2 31
42 y_1_2 37
42 y_1_2 38
42 x_1_2 40
42 t 41
43 cz 5 10
43 cz 25 30
43 cz 16 21
43 cz 36 41
43 cz 7 12
43 cz 27 32
43 cz 18 23
43 cz 38 43
43 cz 9 14
43 cz 29 34
43 y_1_2 2
43 t 3
43 t 6
43 t 13
43 y_1_2 15
43 t 22
43 t 26
43 y_1_2 33
43 x_1_2 35
43 x_1_2 42
44 cz 15 20
44 cz 35 40
44 cz 6 11
44 cz 26 31
44 cz 17 22
44 cz 37 42
44 cz 8 13
44 cz 28 33
44 cz 19 24
44 cz 39 44
44 t 5
44 y_1_2 7
44 x_1_2 9
44 t 10
44 t 12
44 y_1_2 14
44 y_1_2 16
44 y_1_2 18
44 x_1_2 21
44 x_1_2 23
44 t 25
44 x_1_2 27
44 y_1_2 29
44 x_1_2 30
44 y_1_2 32
44 t 34
44 y_1_2 36
44 t 38
44 y_1_2 41
44 t 43
45 cz 1 2
45 cz 8 9
45 cz 11 12
45 cz 18 19
45 cz 21 22
45 cz 28 29
45 cz 31 32
45 cz 38 39
45 cz 41 42
45 x_1_2 6
45 y_1_2 13
45 x_1_2 15
45 x_1_2 17
45 t 20
45 t 24
45 x_1_2 26
45 x_1_2 33
45 y_1_2 35
45 x_1_2 37
45 t 40
45 y_1_2 44
46 cz 3 4
46 cz 6 7
46 cz 13 14
46 cz 16 17
46 cz 23 24
46 cz 26 27
46 cz 33 34
46 cz 36 37
46 cz 43 44
46 t 1
46 t 2
46 y_1_2 8
46 t 9
46 x_1_2 11
46 x_1_2 12
46 t 18
46 t 19
46 y_1_2 21
46 y_1_2 22
46 x_1_2 28
46 x_1_2 29
46 t 31
46 x_1_2 32
46 x_1_2 38
46 y_1_2 39
46 x_1_2 41
46 t 42
47 cz 0 5
47 cz 20 25
47 cz 11 16
47 cz 31 36
47 cz 2 7
47 cz 22 27
47 cz 13 18
47 cz 33 38
47 cz 4 9
47 cz 24 29
47 x_1_2 3
47 y_1_2 6
47 t 14
47 y_1_2 17
47 t 23
47 y_1_2 26
47 x_1_2 34
47 y_1_2 37
47 x_1_2 43
47 t 44
48 cz 10 15
48 cz 30 35
48 cz 1 6
48 cz 21 26
48 cz 12 17
48 cz 32 37
48 cz 3 8
48 cz 23 28
48 cz 14 19
48 cz 34 39
48 t 0
48 x_1_2 2
48 y_1_2 4
48 x_1_2 5
48 x_1_2 7
48 x_1_2 9
48 t 11
48 x_1_2 13
48 t 16
48 y_1_2 18
48 x_1_2 20
48 t 22
48 y_1_2 24
48 x_1_2 25
48 y_1_2 27
48 t 29
48 y_1_2 31
48 y_1_2 33
48 x_1_2 36
48 y_1_2 38
49 cz 0 1
49 cz 7 8
49 cz 10 11
49 cz 17 18
49 cz 20 21
49 cz 27 28
49 cz 30 31
49 cz 37 38
49 cz 40 41
49 t 3
49 t 6
49 y_1_2 12
49 y_1_2 14
49 y_1_2 15
49 y_1_2 19
49 y_1_2 23
49 t 26
49 y_1_2 32
49 t 34
49 t 35
49 t 39
50 cz 2 3
50 cz 5 6
50 cz 12 13
50 cz 15 16
50 cz 22 23
50 cz 25 26
50 cz 32 33
50 cz 35 36
50 cz 42 43
50 x_1_2 0
50 x_1_2 1
50 t 7
50 x_1_2 8
50 x_1_2 10
50 x_1_2 11
50 x_1_2 17
50 x_1_2 18
50 t 20
50 x_1_2 21
50 t 27
50 y_1_2 28
50 t 30
50 x_1_2 31
50 t 37
50 t 38
50 x_1_2 40
50 y_1_2 41
51 cz 5 10
51 cz 25 30
51 cz 16 21
51 cz 36 41
51 cz 7 12
51 cz 27 32
51 cz 18 23
51 cz 38 43
51 cz 9 14
51 cz 29 34
51 y_1_2 2
51 x_1_2 3
51 x_1_2 6
51 t 13
51 t 15
51 x_1_2 22
51 x_1_2 26
51 x_1_2 33
51 x_1_2 35
51 y_1_2 42
52 cz 15 20
52 cz 35 40
52 cz 6 11
52 cz 26 31
52 cz 17 22
52 cz 37 42
52 cz 8 13
52 cz 28 33
52 cz 19 24
52 cz 39 44
52 y_1_2 5
52 y_1_2 7
52 y_1_2 9
52 t 10
52 x_1_2 12
52 t 14
52 x_1_2 16
52 y_1_2 18
52 y_1_2 21
52 x_1_2 23
52 y_1_2 25
52 y_1_2 27
52 y_1_2 29
52 y_1_2 30
52 t 32
52 y_1_2 34
52 t 36
52 x_1_2 38
52 t 41
52 t 43
53 cz 1 2
53 cz 8 9
53 cz 11 12
53 cz 18 19
53 cz 21 22
53 cz 28 29
53 cz 31 32
53 cz 38 39
53 cz 41 42
53 t 6
53 y_1_2 13
53 x_1_2 15
53 y_1_2 17
53 y_1_2 20
53 x_1_2 24
53 t 26
53 y_1_2 33
53 t 35
53 x_1_2 37
53 t 40
53 y_1_2 44
54 cz 3 4
54 cz 6 7
54 cz 13 14
54 cz 16 17
54 cz 23 24
54 cz 26 27
54 cz 33 34
54 cz 36 37
54 cz 43 44
54 y_1_2 1
54 t 2
54 t 8
54 t 9
54 t 11
54 t 12
54 t 18
54 t 19
54 x_1_2 21
54 t 22
54 t 28
54 x_1_2 29
54 y_1_2 31
54 x_1_2 32
54 y_1_2 38
54 x_1_2 39
54 x_1_2 41
54 x_1_2 42
55 cz 0 5
55 cz 20 25
55 cz 11 16
55 cz 31 36
55 cz 2 7
55 cz 22 27
55 cz 13 18
55 cz 33 38
55 cz 4 9
55 cz 24 29
55 t 3
55 y_1_2 6
55 x_1_2 14
55 t 17
55 y_1_2 23
55 x_1_2 26
55 x_1_2 34
55 y_1_2 37
55 x_1_2 43
55 t 44
56 cz 10 15
56 cz 30 35
56 cz 1 6
56 cz 21 26
56 cz 12 17
56 cz 32 37
56 cz 3 8
56 cz 23 28
56 cz 14 19
56 cz 34 39
56 t 0
56 x_1_2 2
56 x_1_2 4
56 t 5
56 x_1_2 7
56 x_1_2 9
56 x_1_2 11
56 t 13
56 y_1_2 16
56 y_1_2 18
56 t 20
56 x_1_2 22
56 t 24
56 t 25
56 x_1_2 27
56 y_1_2 29
56 t 31
56 t 33
56 y_1_2 36
56 t 38
57 cz 0 1
57 cz 7 8
57 cz 10 11
57 cz 17 18
57 cz 20 21
57 cz 27 28
57 cz 30 31
57 cz 37 38
57 cz 40 41
57 y_1_2 3
57 t 6
57 x_1_2 12
57 t 14
57 y_1_2 15
57 y_1_2 19
57 t 23
57 t 26
57 t 32
57 y_1_2 34
57 x_1_2 35
57 y_1_2 39
58 cz 2 3
58 cz 5 6
58 cz 12 13
58 cz 15 16
58 cz 22 23
58 cz 25 26
58 cz 32 33
58 cz 35 36
58 cz 42 43
58 x_1_2 0
58 t 1
58 y_1_2 7
58 y_1_2 8
58 y_1_2 10
58 y_1_2 11
58 y_1_2 17
58 t 18
58 y_1_2 20
58 t 21
58 y_1_2 27
58 x_1_2 28
58 x_1_2 30
58 y_1_2 31
58 x_1_2 37
58 x_1_2 38
58 y_1_2 40
58 t 41
59 cz 5 10
59 cz 25 30
59 cz 16 21
59 cz 36 41
59 cz 7 12
59 cz 27 32
59 cz 18 23
59 cz 38 43
59 cz 9 14
59 cz 29 34
59 y_1_2 2
59 x_1_2 3
59 x_1_2 6
59 y_1_2 13
59 t 15
59 t 22
59 y_1_2 26
59 y_1_2 33
59 t 35
59 y_1_2 42
60 cz 15 20
60 cz 35 40
60 cz 6 11
60 cz 26 31
60 cz 17 22
60 cz 37 42
60 cz 8 13
60 cz 28 33
60 cz 19 24
60 cz 39 44
60 x_1_2 5
60 t 7
60 t 9
60 x_1_2 10
60 y_1_2 12
60 x_1_2 14
60 x_1_2 16
60 y_1_2 18
60 y_1_2 21
60 y_1_2 23
60 y_1_2 25
60 t 27
60 x_1_2 29
60 y_1_2 30
60 y_1_2 32
60 t 34
60 x_1_2 36
60 y_1_2 38
60 y_1_2 41
60 t 43
61 cz 1 2
61 cz 8 9
61 cz 11 12
61 cz 18 19
61 cz 21 22
61 cz 28 29
61 cz 31 32
61 cz 38 39
61 cz 41 42
61 y_1_2 6
61 x_1_2 13
61 x_1_2 15
61 t 17
61 t 20
61 x_1_2 24
61 x_1_2 26
61 x_1_2 33
61 x_1_2 35
61 y_1_2 37
61 t 40
61 x_1_2 44
62 cz 3 4
62 cz 6 7
62 cz 13 14
62 cz 16 17
62 cz 23 24
62 cz 26 27
62 cz 33 34
62 cz 36 37
62 cz 43 44
62 y_1_2 1
62 t 2
62 x_1_2 8
62 y_1_2 9
62 x_1_2 11
62 x_1_2 12
62 t 18
62 t 19
62 t 21
62 y_1_2 22
62 y_1_2 28
62 t 29
62 t 31
62 x_1_2 32
62 x_1_2 38
62 t 39
62 x_1_2 41
62 t 42
63 cz 0 5
63 cz 20 25
63 cz 11 16
63 cz 31 36
63 cz 2 7
63 cz 22 27
63 cz 13 18
63 cz 33 38
63 cz 4 9
63 cz 24 29
63 t 3
63 x_1_2 6
63 y_1_2 14
63 x_1_2 17
63 t 23
63 y_1_2 26
63 x_1_2 34
63 t 37
63 x_1_2 43
63 y_1_2 44
64 cz 10 15
64 cz 30 35
64 cz 1 6
64 cz 21 26
64 cz 12 17
64 cz 32 37
64 cz 3 8
64 cz 23 28
64 cz 14 19
64 cz 34 39
64 t 0
64 x_1_2 2
64 y_1_2 4
64 t 5
64 y_1_2 7
64 t 9
64 t 11
64 t 13
64 t 16
64 x_1_2 18
64 y_1_2 20
64 x_1_2 22
64 t 24
64 t 25
64 x_1_2 27
64 y_1_2 29
64 y_1_2 31
64 y_1_2 33
64 t 36
64 t 38
65 cz 0 1
65 cz 7 8
65 cz 10 11
65 cz 17 18
65 cz 20 21
65 cz 27 28
65 cz 30 31
65 cz 37 38
65 cz 40 41
65 y_1_2 3
65 t 6
65 t 12
65 t 14
65 t 15
65 y_1_2 19
65 y_1_2 23
65 x_1_2 26
65 t 32
65 t 34
65 y_1_2 35
65 y_1_2 39
66 cz 2 3
66 cz 5 6
66 cz 12 13
66 cz 15 16
66 cz 22 23
66 cz 25 26
66 cz 32 33
66 cz 35 36
66 cz 42 43
66 x_1_2 0
66 t 1
66 x_1_2 7
66 t 8
66 y_1_2 10
66 y_1_2 11
66 t 17
66 t 18
66 x_1_2 20
66 y_1_2 21
66 y_1_2 27
66 t 28
66 t 30
66 x_1_2 31
66 x_1_2 37
66 y_1_2 38
66 y_1_2 40
66 t 41
67 cz 5 10
67 cz 25 30
67 cz 16 21
67 cz 36 41
67 cz 7 12
67 cz 27 32
67 cz 18 23
67 cz 38 43
67 cz 9 14
67 cz 29 34
67 y_1_2 2
67 t 3
67 x_1_2 6
67 x_1_2 13
67 x_1_2 15
67 t 22
67 t 26
67 x_1_2 33
67 t 35
67 x_1_2 42
68 cz 15 20
68 cz 35 40
68 cz 6 11
68 cz 26 31
68 cz 17 22
68 cz 37 42
68 cz 8 13
68 cz 28 33
68 cz 19 24
68 cz 39 44
68 x_1_2 5
68 t 7
68 x_1_2 9
68 x_1_2 10
68 y_1_2 12
68 y_1_2 14
68 y_1_2 16
68 y_1_2 18
68 t 21
68 x_1_2 23
68 x_1_2 25
68 x_1_2 27
68 t 29
68 x_1_2 30
68 x_1_2 32
68 y_1_2 34
68 x_1_2 36
68 x_1_2 38
68 y_1_2 41
68 y_1_2 43
69 cz 1 2
69 cz 8 9
69 cz 11 12
69 cz 18 19
69 cz 21 22
69 cz 28 29
69 cz 31 32
69 cz 38 39
69 cz 41 42
69 t 6
69 y_1_2 13
69 t 15
69 y_1_2 17
69 t 20
69 y_1_2 24
69 y_1_2 26
69 t 33
69 y_1_2 35
69 t 37
69 x_1_2 40
69 x_1_2 44
70 cz 3 4
70 cz 6 7
70 cz 13 14
70 cz 16 17
70 cz 23 24
70 cz 26 27
70 cz 33 34
70 cz 36 37
70 cz 43 44
70 y_1_2 1
70 x_1_2 2
70 y_1_2 8
70 t 9
70 x_1_2 11
70 x_1_2 12
70 t 18
70 x_1_2 19
70 x_1_2 21
70 y_1_2 22
70 y_1_2 28
70 y_1_2 29
70 t 31
70 y_1_2 32
70 t 38
70 x_1_2 39
70 x_1_2 41
70 y_1_2 42
71 cz 0 5
71 cz 20 25
71 cz 11 16
71 cz 31 36
71 cz 2 7
71 cz 22 27
71 cz 13 18
71 cz 33 38
71 cz 4 9
71 cz 24 29
71 x_1_2 3
71 x_1_2 6
71 t 14
71 t 17
71 y_1_2 23
71 x_1_2 26
71 t 34
71 y_1_2 37
71 x_1_2 43
71 y_1_2 44
72 cz 10 15
72 cz 30 35
72 cz 1 6
72 cz 21 26
72 cz 12 17
72 cz 32 37
72 cz 3 8
72 cz 23 28
72 cz 14 19
72 cz 34 39
72 y_1_2 0
72 t 2
72 x_1_2 4
72 t 5
72 y_1_2 7
72 x_1_2 9
72 t 11
72 x_1_2 13
72 t 16
72 x_1_2 18
72 y_1_2 20
72 x_1_2 22
72 x_1_2 24
72 y_1_2 25
72 t 27
72 t 29
72 x_1_2 31
72 y_1_2 33
72 y_1_2 36
72 y_1_2 38
73 cz 0 1
73 cz 7 8
73 cz 10 11
73 cz 17 18
73 cz 20 21
73 cz 27 28
73 cz 30 31
73 cz 37 38
73 cz 40 41
73 y_1_2 3
73 y_1_2 6
73 y_1_2 12
73 x_1_2 14
73 y_1_2 15
73 y_1_2 19
73 x_1_2 23
73 y_1_2 26
73 t 32
73 y_1_2 34
73 x_1_2 35
73 y_1_2 39
74 cz 2 3
74 cz 5 6
74 cz 12 13
74 cz 15 16
74 cz 22 23
74 cz 25 26
74 cz 32 33
74 cz 35 36
74 cz 42 43
74 t 0
74 x_1_2 1
74 x_1_2 7
74 t 8
74 y_1_2 10
74 y_1_2 11
74 x_1_2 17
74 t 18
74 x_1_2 20
74 y_1_2 21
74 y_1_2 27
74 x_1_2 28
74 y_1_2 30
74 t 31
74 x_1_2 37
74 t 38
74 y_1_2 40
74 t 41
75 cz 5 10
75 cz 25 30
75 cz 16 21
75 cz 36 41
75 cz 7 12
75 cz 27 32
75 cz 18 23
75 cz 38 43
75 cz 9 14
75 cz 29 34
75 y_1_2 2
75 x_1_2 3
75 t 6
75 t 13
75 x_1_2 15
75 t 22
75 x_1_2 26
75 x_1_2 33
75 y_1_2 35
75 x_1_2 42
76 cz 15 20
76 cz 35 40
76 cz 6 11
76 cz 26 31
76 cz 17 22
76 cz 37 42
76 cz 8 13
76 cz 28 33
76 cz 19 24
76 cz 39 44
76 x_1_2 5
76 y_1_2 7
76 y_1_2 9
76 x_1_2 10
76 x_1_2 12
76 t 14
76 y_1_2 16
76 y_1_2 18
76 x_1_2 21
76 t 23
76 t 25
76 t 27
76 x_1_2 29
76 x_1_2 30
76 x_1_2 32
76 x_1_2 34
76 x_1_2 36
76 x_1_2 38
76 y_1_2 41
76 t 43
77 cz 1 2
77 cz 8 9
77 cz 11 12
77 cz 18 19
77 cz 21 22
77 cz 28 29
77 cz 31 32
77 cz 38 39
77 cz 41 42
77 x_1_2 6
77 y_1_2 13
77 t 15
77 y_1_2 17
77 t 20
77 t 24
77 t 26
77 y_1_2 33
77 t 35
77 y_1_2 37
77 t 40
77 t 44
78 cz 3 4
78 cz 6 7
78 cz 13 14
78 cz 16 17
78 cz 23 24
78 cz 26 27
78 cz 33 34
78 cz 36 37
78 cz 43 44
78 t 1
78 t 2
78 y_1_2 8
78 t 9
78 x_1_2 11
78 y_1_2 12
78 x_1_2 18
78 t 19
78 y_1_2 21
78 y_1_2 22
78 y_1_2 28
78 t 29
78 y_1_2 31
78 y_1_2 32
78 t 38
78 t 39
78 t 41
78 t 42
79 cz 0 5
79 cz 20 25
79 cz 11 16
79 cz 31 36
79 cz 2 7
79 cz 22 27
79 cz 13 18
79 cz 33 38
79 cz 4 9
79 cz 24 29
79 t 3
79 t 6
79 y_1_2 14
79 x_1_2 17
79 x_1_2 23
79 y_1_2 26
79 t 34
79 x_1_2 37
79 y_1_2 43
79 y_1_2 44
80 cz 10 15
80 cz 30 35
80 cz 1 6
80 cz 21 26
80 cz 12 17
80 cz 32 37
80 cz 3 8
80 cz 23 28
80 cz 14 19
80 cz 34 39
80 y_1_2 0
80 x_1_2 2
80 y_1_2 4
80 t 5
80 x_1_2 7
80 y_1_2 9
80 t 11
80 t 13
80 x_1_2 16
80 t 18
80 x_1_2 20
80 x_1_2 22
80 y_1_2 24
80 x_1_2 25
80 y_1_2 27
80 y_1_2 29
80 t 31
80 x_1_2 33
80 y_1_2 36
80 x_1_2 38
81 cz 0 1
81 cz 7 8
81 cz 10 11
81 cz 17 18
81 cz 20 21
81 cz 27 28
81 cz 30 31
81 cz 37 38
81 cz 40 41
81 y_1_2 3
81 y_1_2 6
81 t 12
81 x_1_2 14
81 x_1_2 15
81 x_1_2 19
81 t 23
81 t 26
81 t 32
81 y_1_2 34
81 x_1_2 35
81 y_1_2 39
82 cz 2 3
82 cz 5 6
82 cz 12 13
82 cz 15 16
82 cz 22 23
82 cz 25 26
82 cz 32 33
82 cz 35 36
82 cz 42 43
82 x_1_2 0
82 y_1_2 1
82 t 7
82 x_1_2 8
82 t 10
82 x_1_2 11
82 t 17
82 x_1_2 18
82 y_1_2 20
82 x_1_2 21
82 x_1_2 27
82 x_1_2 28
82 t 30
82 x_1_2 31
82 t 37
82 y_1_2 38
82 x_1_2 40
82 y_1_2 41
83 cz 5 10
83 cz 25 30
83 cz 16 21
83 cz 36 41
83 cz 7 12
83 cz 27 32
83 cz 18 23
83 cz 38 43
83 cz 9 14
83 cz 29 34
83 t 2
83 t 3
83 t 6
83 x_1_2 13
83 t 15
83 t 22
83 y_1_2 26
83 y_1_2 33
83 t 35
83 y_1_2 42
84 cz 15 20
84 cz 35 40
84 cz 6 11
84 cz 26 31
84 cz 17 22
84 cz 37 42
84 cz 8 13
84 cz 28 33
84 cz 19 24
84 cz 39 44
84 x_1_2 5
84 x_1_2 7
84 t 9
84 y_1_2 10
84 y_1_2 12
84 y_1_2 14
84 y_1_2 16
84 y_1_2 18
84 t 21
84 x_1_2 23
84 y_1_2 25
84 t 27
84 t 29
84 x_1_2 30
84 x_1_2 32
84 t 34
84 t 36
84 x_1_2 38
84 x_1_2 41
84 t 43
85 cz 1 2
85 cz 8 9
85 cz 11 12
85 cz 18 19
85 cz 21 22
85 cz 28 29
85 cz 31 32
85 cz 38 39
85 cz 41 42
85 x_1_2 6
85 y_1_2 13
85 y_1_2 15
85 x_1_2 17
85 t 20
85 t 24
85 x_1_2 26
85 x_1_2 33
85 y_1_2 35
85 x_1_2 37
85 y_1_2 40
85 t 44
86 cz 3 4
86 cz 6 7
86 cz 13 14
86 cz 16 17
86 cz 23 24
86 cz 26 27
86 cz 33 34
86 cz 36 37
86 cz 43 44
86 x_1_2 1
86 x_1_2 2
86 y_1_2 8
86 x_1_2 9
86 t 11
86 x_1_2 12
86 x_1_2 18
86 t 19
86 x_1_2 21
86 x_1_2 22
86 t 28
86 y_1_2 29
86 t 31
86 t 32
86 y_1_2 38
86 x_1_2 39
86 t 41
86 x_1_2 42
87 cz 0 5
87 cz 20 25
87 cz 11 16
87 cz 31 36
87 cz 2 7
87 cz 22 27
87 cz 13 18
87 cz 33 38
87 cz 4 9
87 cz 24 29
87 y_1_2 3
87 y_1_2 6
87 t 14
87 y_1_2 17
87 y_1_2 23
87 t 26
87 x_1_2 34
87 t 37
87 x_1_2 43
87 x_1_2 44
88 cz 10 15
88 cz 30 35
88 cz 1 6
88 cz 21 26
88 cz 12 17
88 cz 32 37
88 cz 3 8
88 cz 23 28
88 cz 14 19
88 cz 34 39
88 t 0
88 y_1_2 2
88 t 4
88 y_1_2 5
88 t 7
88 y_1_2 9
88 x_1_2 11
88 x_1_2 13
88 t 16
88 t 18
88 y_1_2 20
88 y_1_2 22
88 x_1_2 24
88 x_1_2 25
88 y_1_2 27
88 t 29
88 y_1_2 31
88 t 33
88 y_1_2 36
88 x_1_2 38
89 cz 0 1
89 cz 7 8
89 cz 10 11
89 cz 17 18
89 cz 20 21
89 cz 27 28
89 cz 30 31
89 cz 37 38
89 cz 40 41
89 x_1_2 3
89 t 6
89 t 12
89 x_1_2 14
89 x_1_2 15
89 x_1_2 19
89 t 23
89 x_1_2 26
89 y_1_2 32
89 y_1_2 34
89 t 35
89 t 39
90 cz 2 3
90 cz 5 6
90 cz 12 13
90 cz 15 16
90 cz 22 23
90 cz 25 26
90 cz 32 33
90 cz 35 36
90 cz 42 43
90 y_1_2 0
90 y_1_2 1
90 x_1_2 7
90 t 8
90 t 10
90 t 11
90 t 17
90 y_1_2 18
90 t 20
90 y_1_2 21
90 x_1_2 27
90 y_1_2 28
90 y_1_2 30
90 t 31
90 x_1_2 37
90 y_1_2 38
90 t 40
90 x_1_2 41
91 cz 5 10
91 cz 25 30
91 cz 16 21
91 cz 36 41
91 cz 7 12
91 cz 27 32
91 cz 18 23
91 cz 38 43
91 cz 9 14
91 cz 29 34
91 t 2
91 t 3
91 y_1_2 6
91 y_1_2 13
91 t 15
91 x_1_2 22
91 t 26
91 y_1_2 33
91 x_1_2 35
91 t 42
92 cz 15 20
92 cz 35 40
92 cz 6 11
92 cz 26 31
92 cz 17 22
92 cz 37 42
92 cz 8 13
92 cz 28 33
92 cz 19 24
92 cz 39 44
92 x_1_2 5
92 t 7
92 x_1_2 9
92 y_1_2 10
92 y_1_2 12
92 t 14
92 x_1_2 16
92 t 18
92 x_1_2 21
92 y_1_2 23
92 t 25
92 y_1_2 27
92 y_1_2 29
92 t 30
92 x_1_2 32
92 x_1_2 34
92 x_1_2 36
92 x_1_2 38
92 t 41
92 y_1_2 43
93 cz 1 2
93 cz 8 9
93 cz 11 12
93 cz 18 19
93 cz 21 22
93 cz 28 29
93 cz 31 32
93 cz 38 39
93 cz 41 42
93 t 6
93 x_1_2 13
93 x_1_2 15
93 y_1_2 17
93 x_1_2 20
93 t 24
93 y_1_2 26
93 t 33
93 y_1_2 35
93 t 37
93 x_1_2 40
93 y_1_2 44
94 cz 3 4
94 cz 6 7
94 cz 13 14
94 cz 16 17
94 cz 23 24
94 cz 26 27
94 cz 33 34
94 cz 36 37
94 cz 43 44
94 t 1
94 x_1_2 2
94 x_1_2 8
94 t 9
94 y_1_2 11
94 x_1_2 12
94 y_1_2 18
94 y_1_2 19
94 y_1_2 21
94 t 22
94 t 28
94 t 29
94 y_1_2 31
94 y_1_2 32
94 t 38
94 y_1_2 39
94 y_1_2 41
94 y_1_2 42
95 cz 0 5
95 cz 20 25
95 cz 11 16
95 cz 31 36
95 cz 2 7
95 cz 22 27
95 cz 13 18
95 cz 33 38
95 cz 4 9
95 cz 24 29
95 x_1_2 3
95 x_1_2 6
95 y_1_2 14
95 x_1_2 17
95 t 23
95 x_1_2 26
95 y_1_2 34
95 x_1_2 37
95 x_1_2 43
95 t 44
96 cz 10 15
96 cz 30 35
96 cz 1 6
96 cz 21 26
96 cz 12 17
96 cz 32 37
96 cz 3 8
96 cz 23 28
96 cz 14 19
96 cz 34 39
96 x_1_2 0
96 y_1_2 2
96 y_1_2 4
96 y_1_2 5
96 x_1_2 7
96 y_1_2 9
96 x_1_2 11
96 t 13
96 y_1_2 16
96 x_1_2 18
96 y_1_2 20
96 y_1_2 22
96 y_1_2 24
96 y_1_2 25
96 t 27
96 x_1_2 29
96 x_1_2 31
96 y_1_2 33
96 y_1_2 36
96 y_1_2 38
97 cz 0 1
97 cz 7 8
97 cz 10 11
97 cz 17 18
97 cz 20 21
97 cz 27 28
97 cz 30 31
97 cz 37 38
97 cz 40 41
97 y_1_2 3
97 y_1_2 6
97 t 12
97 x_1_2 14
97 y_1_2 15
97 t 19
97 y_1_2 23
97 y_1_2 26
97 t 32
97 x_1_2 34
97 t 35
97 x_1_2 39
98 cz 2 3
98 cz 5 6
98 cz 12 13
98 cz 15 16
98 cz 22 23
98 cz 25 26
98 cz 32 33
98 cz 35 36
98 cz 42 43
98 y_1_2 0
98 x_1_2 1
98 t 7
98 t 8
98 x_1_2 10
98 t 11
98 t 17
98 y_1_2 18
98 x_1_2 20
98 x_1_2 21
98 y_1_2 27
98 x_1_2 28
98 y_1_2 30
98 y_1_2 31
98 t 37
98 x_1_2 38
98 y_1_2 40
98 x_1_2 41
99 cz 5 10
99 cz 25 30
99 cz 16 21
99 cz 36 41
99 cz 7 12
99 cz 27 32
99 cz 18 23
99 cz 38 43
99 cz 9 14
99 cz 29 34
99 x_1_2 2
99 x_1_2 3
99 t 6
99 y_1_2 13
99 t 15
99 t 22
99 t 26
99 t 33
99 y_1_2 35
99 x_1_2 42
100 cz 15 20
100 cz 35 40
100 cz 6 11
100 cz 26 31
100 cz 17 22
100 cz 37 42
100 cz 8 13
100 cz 28 33
100 cz 19 24
100 cz 39 44
100 x_1_2 5
100 y_1_2 7
100 t 9
100 y_1_2 10
100 x_1_2 12
100 y_1_2 14
100 t 16
100 t 18
100 t 21
100 x_1_2 23
100 t 25
100 x_1_2 27
100 t 29
100 t 30
100 y_1_2 32
100 t 34
100 x_1_2 36
100 y_1_2 38
100 t 41
100 t 43
