50
0 h 0
0 h 1
0 h 2
0 h 3
0 h 4
0 h 5
0 h 6
0 h 7
0 h 8
0 h 9
0 h 10
0 h 11
0 h 12
0 h 13
0 h 14
0 h 15
0 h 16
0 h 17
0 h 18
0 h 19
0 h 20
0 h 21
0 h 22
0 h 23
0 h 24
0 h 25
0 h 26
0 h 27
0 h 28
0 h 29
0 h 30
0 h 31
0 h 32
0 h 33
0 h 34
0 h 35
0 h 36
0 h 37
0 h 38
0 h 39
0 h 40
0 h 41
0 h 42
0 h 43
0 h 44
0 h 45
0 h 46
0 h 47
0 h 48
0 h 49
1 cz 0 1
1 cz 4 5
1 cz 8 9
1 cz 12 13
1 cz 16 17
1 cz 20 21
1 cz 24 25
1 cz 28 29
1 cz 32 33
1 cz 36 37
1 cz 40 41
1 cz 44 45
1 cz 48 49
2 cz 2 3
2 cz 6 7
2 cz 10 11
2 cz 14 15
2 cz 18 19
2 cz 22 23
2 cz 26 27
2 cz 30 31
2 cz 34 35
2 cz 38 39
2 cz 42 43
2 cz 46 47
2 t 0
2 t 1
2 t 4
2 t 5
2 t 8
2 t 9
2 t 12
2 t 13
2 t 16
2 t 17
2 t 20
2 t 21
2 t 24
2 t 25
2 t 28
2 t 29
2 t 32
2 t 33
2 t 36
2 t 37
2 t 40
2 t 41
2 t 44
2 t 45
2 t 48
2 t 49
3 cz 10 20
3 cz 31 41
3 cz 12 22
3 cz 33 43
3 cz 14 24
3 cz 35 45
3 cz 16 26
3 cz 37 47
3 cz 18 28
3 cz 39 49
3 t 2
3 t 3
3 t 6
3 t 7
3 t 11
3 t 15
3 t 19
3 t 23
3 t 27
3 t 30
3 t 34
3 t 38
3 t 42
3 t 46
4 cz 30 40
4 cz 11 21
4 cz 32 42
4 cz 13 23
4 cz 34 44
4 cz 15 25
4 cz 36 46
4 cz 17 27
4 cz 38 48
4 cz 19 29
4 t 10
4 y_1_2 12
4 t 14
4 y_1_2 16
4 t 18
4 y_1_2 20
4 t 22
4 y_1_2 24
4 t 26
4 y_1_2 28
4 t 31
4 y_1_2 33
4 t 35
4 x_1_2 37
4 t 39
4 x_1_2 41
4 t 43
4 y_1_2 45
4 t 47
4 y_1_2 49
5 cz 1 2
5 cz 5 6
5 cz 13 14
5 cz 17 18
5 cz 21 22
5 cz 25 26
5 cz 33 34
5 cz 37 38
5 cz 41 42
5 cz 45 46
5 y_1_2 11
5 x_1_2 15
5 x_1_2 19
5 x_1_2 23
5 y_1_2 27
5 y_1_2 29
5 x_1_2 30
5 x_1_2 32
5 x_1_2 36
5 y_1_2 40
5 y_1_2 44
5 x_1_2 48
6 cz 3 4
6 cz 7 8
6 cz 11 12
6 cz 15 16
6 cz 23 24
6 cz 27 28
6 cz 31 32
6 cz 35 36
6 cz 43 44
6 cz 47 48
6 y_1_2 1
6 x_1_2 2
6 y_1_2 5
6 x_1_2 6
6 x_1_2 13
6 y_1_2 14
6 x_1_2 17
6 x_1_2 18
6 y_1_2 21
6 y_1_2 22
6 x_1_2 25
6 y_1_2 26
6 x_1_2 33
6 y_1_2 34
6 t 37
6 y_1_2 38
6 y_1_2 41
6 y_1_2 42
6 x_1_2 45
6 x_1_2 46
7 cz 0 10
7 cz 21 31
7 cz 2 12
7 cz 23 33
7 cz 4 14
7 cz 25 35
7 cz 6 16
7 cz 27 37
7 cz 8 18
7 cz 29 39
7 x_1_2 3
7 x_1_2 7
7 t 11
7 t 15
7 t 24
7 x_1_2 28
7 t 32
7 y_1_2 36
7 x_1_2 43
7 t 44
7 y_1_2 47
7 t 48
8 cz 20 30
8 cz 1 11
8 cz 22 32
8 cz 3 13
8 cz 24 34
8 cz 5 15
8 cz 26 36
8 cz 7 17
8 cz 28 38
8 cz 9 19
8 x_1_2 0
8 t 2
8 y_1_2 4
8 t 6
8 y_1_2 8
8 x_1_2 10
8 x_1_2 12
8 x_1_2 14
8 t 16
8 y_1_2 18
8 t 21
8 y_1_2 23
8 t 25
8 t 27
8 t 29
8 y_1_2 31
8 t 33
8 y_1_2 35
8 y_1_2 37
8 y_1_2 39
9 cz 0 1
9 cz 4 5
9 cz 8 9
9 cz 12 13
9 cz 16 17
9 cz 20 21
9 cz 24 25
9 cz 28 29
9 cz 32 33
9 cz 36 37
9 cz 40 41
9 cz 44 45
9 cz 48 49
9 t 3
9 t 7
9 y_1_2 11
9 y_1_2 15
9 t 19
9 x_1_2 22
9 x_1_2 26
9 y_1_2 30
9 t 34
9 x_1_2 38
10 cz 2 3
10 cz 6 7
10 cz 10 11
10 cz 14 15
10 cz 18 19
10 cz 22 23
10 cz 26 27
10 cz 30 31
10 cz 34 35
10 cz 38 39
10 cz 42 43
10 cz 46 47
10 t 0
10 t 1
10 x_1_2 4
10 x_1_2 5
10 t 8
10 y_1_2 9
10 y_1_2 12
10 t 13
10 x_1_2 16
10 t 17
10 t 20
10 x_1_2 21
10 y_1_2 24
10 y_1_2 25
10 t 28
10 x_1_2 29
10 y_1_2 32
10 y_1_2 33
10 t 36
10 t 37
10 x_1_2 40
10 x_1_2 41
10 x_1_2 44
10 t 45
10 x_1_2 48
10 x_1_2 49
11 cz 10 20
11 cz 31 41
11 cz 12 22
11 cz 33 43
11 cz 14 24
11 cz 35 45
11 cz 16 26
11 cz 37 47
11 cz 18 28
11 cz 39 49
11 x_1_2 2
11 x_1_2 3
11 y_1_2 6
11 x_1_2 7
11 x_1_2 11
11 x_1_2 15
11 y_1_2 19
11 x_1_2 23
11 x_1_2 27
11 t 30
11 x_1_2 34
11 y_1_2 38
11 t 42
11 t 46
12 cz 30 40
12 cz 11 21
12 cz 32 42
12 cz 13 23
12 cz 34 44
12 cz 15 25
12 cz 36 46
12 cz 17 27
12 cz 38 48
12 cz 19 29
12 y_1_2 10
12 x_1_2 12
12 y_1_2 14
12 t 16
12 t 18
12 y_1_2 20
12 t 22
12 t 24
12 t 26
12 x_1_2 28
12 t 31
12 x_1_2 33
12 x_1_2 35
12 y_1_2 37
12 t 39
12 t 41
12 t 43
12 x_1_2 45
12 x_1_2 47
12 y_1_2 49
13 cz 1 2
13 cz 5 6
13 cz 13 14
13 cz 17 18
13 cz 21 22
13 cz 25 26
13 cz 33 34
13 cz 37 38
13 cz 41 42
13 cz 45 46
13 t 11
13 y_1_2 15
13 x_1_2 19
13 y_1_2 23
13 y_1_2 27
13 y_1_2 29
13 x_1_2 30
13 x_1_2 32
13 x_1_2 36
13 t 40
13 y_1_2 44
13 y_1_2 48
14 cz 3 4
14 cz 7 8
14 cz 11 12
14 cz 15 16
14 cz 23 24
14 cz 27 28
14 cz 31 32
14 cz 35 36
14 cz 43 44
14 cz 47 48
14 x_1_2 1
14 y_1_2 2
14 y_1_2 5
14 x_1_2 6
14 x_1_2 13
14 x_1_2 14
14 x_1_2 17
14 y_1_2 18
14 t 21
14 y_1_2 22
14 x_1_2 25
14 y_1_2 26
14 t 33
14 y_1_2 34
14 x_1_2 37
14 x_1_2 38
14 x_1_2 41
14 y_1_2 42
14 y_1_2 45
14 y_1_2 46
15 cz 0 10
15 cz 21 31
15 cz 2 12
15 cz 23 33
15 cz 4 14
15 cz 25 35
15 cz 6 16
15 cz 27 37
15 cz 8 18
15 cz 29 39
15 y_1_2 3
15 y_1_2 7
15 y_1_2 11
15 x_1_2 15
15 x_1_2 24
15 y_1_2 28
15 y_1_2 32
15 t 36
15 y_1_2 43
15 x_1_2 44
15 y_1_2 47
15 t 48
16 cz 20 30
16 cz 1 11
16 cz 22 32
16 cz 3 13
16 cz 24 34
16 cz 5 15
16 cz 26 36
16 cz 7 17
16 cz 28 38
16 cz 9 19
16 y_1_2 0
16 x_1_2 2
16 y_1_2 4
16 t 6
16 y_1_2 8
16 x_1_2 10
16 y_1_2 12
16 y_1_2 14
16 x_1_2 16
16 t 18
16 x_1_2 21
16 x_1_2 23
16 t 25
16 x_1_2 27
16 x_1_2 29
16 x_1_2 31
16 x_1_2 33
16 t 35
16 t 37
16 x_1_2 39
17 cz 0 1
17 cz 4 5
17 cz 8 9
17 cz 12 13
17 cz 16 17
17 cz 20 21
17 cz 24 25
17 cz 28 29
17 cz 32 33
17 cz 36 37
17 cz 40 41
17 cz 44 45
17 cz 48 49
17 t 3
17 t 7
17 t 11
17 t 15
17 t 19
17 t 22
17 x_1_2 26
17 y_1_2 30
17 t 34
17 y_1_2 38
18 cz 2 3
18 cz 6 7
18 cz 10 11
18 cz 14 15
18 cz 18 19
18 cz 22 23
18 cz 26 27
18 cz 30 31
18 cz 34 35
18 cz 38 39
18 cz 42 43
18 cz 46 47
18 t 0
18 t 1
18 t 4
18 t 5
18 t 8
18 x_1_2 9
18 t 12
18 t 13
18 y_1_2 16
18 t 17
18 x_1_2 20
18 t 21
18 y_1_2 24
18 y_1_2 25
18 x_1_2 28
18 t 29
18 x_1_2 32
18 y_1_2 33
18 x_1_2 36
18 x_1_2 37
18 y_1_2 40
18 y_1_2 41
18 y_1_2 44
18 x_1_2 45
18 y_1_2 48
18 t 49
19 cz 10 20
19 cz 31 41
19 cz 12 22
19 cz 33 43
19 cz 14 24
19 cz 35 45
19 cz 16 26
19 cz 37 47
19 cz 18 28
19 cz 39 49
19 y_1_2 2
19 x_1_2 3
19 x_1_2 6
19 y_1_2 7
19 y_1_2 11
19 x_1_2 15
19 y_1_2 19
19 y_1_2 23
19 t 27
19 t 30
19 x_1_2 34
19 t 38
19 x_1_2 42
19 t 46
20 cz 30 40
20 cz 11 21
20 cz 32 42
20 cz 13 23
20 cz 34 44
20 cz 15 25
20 cz 36 46
20 cz 17 27
20 cz 38 48
20 cz 19 29
20 y_1_2 10
20 y_1_2 12
20 x_1_2 14
20 t 16
20 y_1_2 18
20 t 20
20 x_1_2 22
20 t 24
20 y_1_2 26
20 t 28
20 t 31
20 t 33
20 x_1_2 35
20 y_1_2 37
20 t 39
20 t 41
20 x_1_2 43
20 y_1_2 45
20 t 47
20 y_1_2 49
21 cz 1 2
21 cz 5 6
21 cz 13 14
21 cz 17 18
21 cz 21 22
21 cz 25 26
21 cz 33 34
21 cz 37 38
21 cz 41 42
21 cz 45 46
21 t 11
21 y_1_2 15
21 x_1_2 19
21 t 23
21 x_1_2 27
21 x_1_2 29
21 y_1_2 30
21 t 32
21 y_1_2 36
21 t 40
21 x_1_2 44
21 x_1_2 48
22 cz 3 4
22 cz 7 8
22 cz 11 12
22 cz 15 16
22 cz 23 24
22 cz 27 28
22 cz 31 32
22 cz 35 36
22 cz 43 44
22 cz 47 48
22 y_1_2 1
22 t 2
22 y_1_2 5
22 t 6
22 y_1_2 13
22 t 14
22 x_1_2 17
22 x_1_2 18
22 x_1_2 21
22 t 22
22 x_1_2 25
22 x_1_2 26
22 x_1_2 33
22 t 34
22 t 37
22 y_1_2 38
22 y_1_2 41
22 y_1_2 42
22 t 45
22 y_1_2 46
23 cz 0 10
23 cz 21 31
23 cz 2 12
23 cz 23 33
23 cz 4 14
23 cz 25 35
23 cz 6 16
23 cz 27 37
23 cz 8 18
23 cz 29 39
23 t 3
23 x_1_2 7
23 y_1_2 11
23 x_1_2 15
23 x_1_2 24
23 y_1_2 28
23 x_1_2 32
23 t 36
23 y_1_2 43
23 t 44
23 x_1_2 47
23 y_1_2 48
24 cz 20 30
24 cz 1 11
24 cz 22 32
24 cz 3 13
24 cz 24 34
24 cz 5 15
24 cz 26 36
24 cz 7 17
24 cz 28 38
24 cz 9 19
24 x_1_2 0
24 y_1_2 2
24 y_1_2 4
24 x_1_2 6
24 x_1_2 8
24 x_1_2 10
24 x_1_2 12
24 x_1_2 14
24 x_1_2 16
24 y_1_2 18
24 t 21
24 x_1_2 23
24 t 25
24 y_1_2 27
24 y_1_2 29
24 x_1_2 31
24 t 33
24 y_1_2 35
24 y_1_2 37
24 y_1_2 39
25 cz 0 1
25 cz 4 5
25 cz 8 9
25 cz 12 13
25 cz 16 17
25 cz 20 21
25 cz 24 25
25 cz 28 29
25 cz 32 33
25 cz 36 37
25 cz 40 41
25 cz 44 45
25 cz 48 49
25 x_1_2 3
25 y_1_2 7
25 x_1_2 11
25 y_1_2 15
25 y_1_2 19
25 x_1_2 22
25 y_1_2 26
25 t 30
25 y_1_2 34
25 x_1_2 38
26 cz 2 3
26 cz 6 7
26 cz 10 11
26 cz 14 15
26 cz 18 19
26 cz 22 23
26 cz 26 27
26 cz 30 31
26 cz 34 35
26 cz 38 39
26 cz 42 43
26 cz 46 47
26 y_1_2 0
26 t 1
26 t 4
26 x_1_2 5
26 t 8
26 y_1_2 9
26 t 12
26 t 13
26 y_1_2 16
26 t 17
26 x_1_2 20
26 x_1_2 21
26 t 24
26 x_1_2 25
26 x_1_2 28
26 x_1_2 29
26 y_1_2 32
26 x_1_2 33
26 x_1_2 36
26 t 37
26 y_1_2 40
26 t 41
26 y_1_2 44
26 x_1_2 45
26 t 48
26 x_1_2 49
27 cz 10 20
27 cz 31 41
27 cz 12 22
27 cz 33 43
27 cz 14 24
27 cz 35 45
27 cz 16 26
27 cz 37 47
27 cz 18 28
27 cz 39 49
27 t 2
27 y_1_2 3
27 y_1_2 6
27 x_1_2 7
27 y_1_2 11
27 x_1_2 15
27 t 19
27 y_1_2 23
27 t 27
27 y_1_2 30
27 x_1_2 34
27 t 38
27 t 42
27 t 46
28 cz 30 40
28 cz 11 21
28 cz 32 42
28 cz 13 23
28 cz 34 44
28 cz 15 25
28 cz 36 46
28 cz 17 27
28 cz 38 48
28 cz 19 29
28 y_1_2 10
28 x_1_2 12
28 y_1_2 14
28 x_1_2 16
28 t 18
28 y_1_2 20
28 t 22
28 x_1_2 24
28 x_1_2 26
28 t 28
28 y_1_2 31
28 t 33
28 t 35
28 y_1_2 37
28 t 39
28 y_1_2 41
28 t 43
28 t 45
28 y_1_2 47
28 y_1_2 49
29 cz 1 2
29 cz 5 6
29 cz 13 14
29 cz 17 18
29 cz 21 22
29 cz 25 26
29 cz 33 34
29 cz 37 38
29 cz 41 42
29 cz 45 46
29 t 11
29 t 15
29 y_1_2 19
29 x_1_2 23
29 y_1_2 27
29 t 29
29 x_1_2 30
29 t 32
29 t 36
29 t 40
29 x_1_2 44
29 x_1_2 48
30 cz 3 4
30 cz 7 8
30 cz 11 12
30 cz 15 16
30 cz 23 24
30 cz 27 28
30 cz 31 32
30 cz 35 36
30 cz 43 44
30 cz 47 48
30 x_1_2 1
30 x_1_2 2
30 y_1_2 5
30 x_1_2 6
30 y_1_2 13
30 t 14
30 y_1_2 17
30 y_1_2 18
30 y_1_2 21
30 y_1_2 22
30 y_1_2 25
30 t 26
30 x_1_2 33
30 t 34
30 t 37
30 x_1_2 38
30 x_1_2 41
30 x_1_2 42
30 y_1_2 45
30 x_1_2 46
31 cz 0 10
31 cz 21 31
31 cz 2 12
31 cz 23 33
31 cz 4 14
31 cz 25 35
31 cz 6 16
31 cz 27 37
31 cz 8 18
31 cz 29 39
31 t 3
31 y_1_2 7
31 y_1_2 11
31 x_1_2 15
31 t 24
31 x_1_2 28
31 x_1_2 32
31 x_1_2 36
31 x_1_2 43
31 t 44
31 x_1_2 47
31 t 48
32 cz 20 30
32 cz 1 11
32 cz 22 32
32 cz 3 13
32 cz 24 34
32 cz 5 15
32 cz 26 36
32 cz 7 17
32 cz 28 38
32 cz 9 19
32 t 0
32 t 2
32 x_1_2 4
32 t 6
32 x_1_2 8
32 t 10
32 t 12
32 y_1_2 14
32 t 16
32 x_1_2 18
32 x_1_2 21
32 y_1_2 23
32 t 25
32 x_1_2 27
32 x_1_2 29
32 x_1_2 31
32 t 33
32 y_1_2 35
32 y_1_2 37
32 x_1_2 39
33 cz 0 1
33 cz 4 5
33 cz 8 9
33 cz 12 13
33 cz 16 17
33 cz 20 21
33 cz 24 25
33 cz 28 29
33 cz 32 33
33 cz 36 37
33 cz 40 41
33 cz 44 45
33 cz 48 49
33 x_1_2 3
33 t 7
33 t 11
33 t 15
33 t 19
33 x_1_2 22
33 x_1_2 26
33 t 30
33 x_1_2 34
33 t 38
34 cz 2 3
34 cz 6 7
34 cz 10 11
34 cz 14 15
34 cz 18 19
34 cz 22 23
34 cz 26 27
34 cz 30 31
34 cz 34 35
34 cz 38 39
34 cz 42 43
34 cz 46 47
34 y_1_2 0
34 y_1_2 1
34 t 4
34 t 5
34 y_1_2 8
34 x_1_2 9
34 y_1_2 12
34 t 13
34 y_1_2 16
34 t 17
34 t 20
34 y_1_2 21
34 x_1_2 24
34 x_1_2 25
34 y_1_2 28
34 y_1_2 29
34 y_1_2 32
34 x_1_2 33
34 t 36
34 t 37
34 y_1_2 40
34 t 41
34 y_1_2 44
34 t 45
34 x_1_2 48
34 t 49
35 cz 10 20
35 cz 31 41
35 cz 12 22
35 cz 33 43
35 cz 14 24
35 cz 35 45
35 cz 16 26
35 cz 37 47
35 cz 18 28
35 cz 39 49
35 x_1_2 2
35 t 3
35 x_1_2 6
35 x_1_2 7
35 x_1_2 11
35 x_1_2 15
35 x_1_2 19
35 x_1_2 23
35 t 27
35 y_1_2 30
35 t 34
35 y_1_2 38
35 t 42
35 t 46
36 cz 30 40
36 cz 11 21
36 cz 32 42
36 cz 13 23
36 cz 34 44
36 cz 15 25
36 cz 36 46
36 cz 17 27
36 cz 38 48
36 cz 19 29
36 x_1_2 10
36 x_1_2 12
36 x_1_2 14
36 x_1_2 16
36 y_1_2 18
36 x_1_2 20
36 t 22
36 y_1_2 24
36 t 26
36 x_1_2 28
36 t 31
36 y_1_2 33
36 x_1_2 35
36 y_1_2 37
36 t 39
36 x_1_2 41
36 y_1_2 43
36 x_1_2 45
36 t 47
36 x_1_2 49
37 cz 1 2
37 cz 5 6
37 cz 13 14
37 cz 17 18
37 cz 21 22
37 cz 25 26
37 cz 33 34
37 cz 37 38
37 cz 41 42
37 cz 45 46
37 t 11
37 y_1_2 15
37 y_1_2 19
37 t 23
37 x_1_2 27
37 t 29
37 t 30
37 t 32
37 x_1_2 36
37 x_1_2 40
37 t 44
37 t 48
38 cz 3 4
38 cz 7 8
38 cz 11 12
38 cz 15 16
38 cz 23 24
38 cz 27 28
38 cz 31 32
38 cz 35 36
38 cz 43 44
38 cz 47 48
38 x_1_2 1
38 t 2
38 x_1_2 5
38 t 6
38 x_1_2 13
38 t 14
38 x_1_2 17
38 t 18
38 x_1_2 21
38 y_1_2 22
38 y_1_2 25
38 y_1_2 26
38 x_1_2 33
38 y_1_2 34
38 t 37
38 x_1_2 38
38 y_1_2 41
38 y_1_2 42
38 y_1_2 45
38 y_1_2 46
39 cz 0 10
39 cz 21 31
39 cz 2 12
39 cz 23 33
39 cz 4 14
39 cz 25 35
39 cz 6 16
39 cz 27 37
39 cz 8 18
39 cz 29 39
39 x_1_2 3
39 y_1_2 7
39 x_1_2 11
39 t 15
39 t 24
39 t 28
39 x_1_2 32
39 y_1_2 36
39 t 43
39 x_1_2 44
39 y_1_2 47
39 y_1_2 48
40 cz 20 30
40 cz 1 11
40 cz 22 32
40 cz 3 13
40 cz 24 34
40 cz 5 15
40 cz 26 36
40 cz 7 17
40 cz 28 38
40 cz 9 19
40 t 0
40 x_1_2 2
40 x_1_2 4
40 x_1_2 6
40 x_1_2 8
40 y_1_2 10
40 y_1_2 12
40 x_1_2 14
40 t 16
40 x_1_2 18
40 t 21
40 x_1_2 23
40 x_1_2 25
40 y_1_2 27
40 y_1_2 29
40 x_1_2 31
40 y_1_2 33
40 t 35
40 y_1_2 37
40 x_1_2 39
41 cz 0 1
41 cz 4 5
41 cz 8 9
41 cz 12 13
41 cz 16 17
41 cz 20 21
41 cz 24 25
41 cz 28 29
41 cz 32 33
41 cz 36 37
41 cz 40 41
41 cz 44 45
41 cz 48 49
41 y_1_2 3
41 x_1_2 7
41 t 11
41 x_1_2 15
41 x_1_2 19
41 t 22
41 t 26
41 x_1_2 30
41 x_1_2 34
41 y_1_2 38
42 cz 2 3
42 cz 6 7
42 cz 10 11
42 cz 14 15
42 cz 18 19
42 cz 22 23
42 cz 26 27
42 cz 30 31
42 cz 34 35
42 cz 38 39
42 cz 42 43
42 cz 46 47
42 y_1_2 0
42 y_1_2 1
42 y_1_2 4
42 t 5
42 y_1_2 8
42 t 9
42 t 12
42 y_1_2 13
42 x_1_2 16
42 y_1_2 17
42 t 20
42 y_1_2 21
42 x_1_2 24
42 t 25
42 x_1_2 28
42 t 29
42 y_1_2 32
42 t 33
42 x_1_2 36
42 t 37
42 t 40
42 t 41
42 y_1_2 44
42 x_1_2 45
42 x_1_2 48
42 y_1_2 49
43 cz 10 20
43 cz 31 41
43 cz 12 22
43 cz 33 43
43 cz 14 24
43 cz 35 45
43 cz 16 26
43 cz 37 47
43 cz 18 28
43 cz 39 49
43 t 2
43 t 3
43 y_1_2 6
43 t 7
43 x_1_2 11
43 t 15
43 t 19
43 y_1_2 23
43 x_1_2 27
43 t 30
43 y_1_2 34
43 t 38
43 x_1_2 42
43 x_1_2 46
44 cz 30 40
44 cz 11 21
44 cz 32 42
44 cz 13 23
44 cz 34 44
44 cz 15 25
44 cz 36 46
44 cz 17 27
44 cz 38 48
44 cz 19 29
44 x_1_2 10
44 y_1_2 12
44 t 14
44 t 16
44 y_1_2 18
44 y_1_2 20
44 x_1_2 22
44 t 24
44 x_1_2 26
44 t 28
44 t 31
44 x_1_2 33
44 x_1_2 35
44 y_1_2 37
44 t 39
44 y_1_2 41
44 y_1_2 43
44 y_1_2 45
44 x_1_2 47
44 x_1_2 49
45 cz 1 2
45 cz 5 6
45 cz 13 14
45 cz 17 18
45 cz 21 22
45 cz 25 26
45 cz 33 34
45 cz 37 38
45 cz 41 42
45 cz 45 46
45 y_1_2 11
45 y_1_2 15
45 x_1_2 19
45 x_1_2 23
45 y_1_2 27
45 y_1_2 29
45 x_1_2 30
45 t 32
45 t 36
45 x_1_2 40
45 x_1_2 44
45 y_1_2 48
46 cz 3 4
46 cz 7 8
46 cz 11 12
46 cz 15 16
46 cz 23 24
46 cz 27 28
46 cz 31 32
46 cz 35 36
46 cz 43 44
46 cz 47 48
46 x_1_2 1
46 x_1_2 2
46 y_1_2 5
46 t 6
46 x_1_2 13
46 x_1_2 14
46 x_1_2 17
46 x_1_2 18
46 x_1_2 21
46 y_1_2 22
46 y_1_2 25
46 y_1_2 26
46 y_1_2 33
46 x_1_2 34
46 t 37
46 y_1_2 38
46 x_1_2 41
46 t 42
46 x_1_2 45
46 y_1_2 46
47 cz 0 10
47 cz 21 31
47 cz 2 12
47 cz 23 33
47 cz 4 14
47 cz 25 35
47 cz 6 16
47 cz 27 37
47 cz 8 18
47 cz 29 39
47 x_1_2 3
47 x_1_2 7
47 t 11
47 t 15
47 y_1_2 24
47 y_1_2 28
47 y_1_2 32
47 y_1_2 36
47 t 43
47 t 44
47 y_1_2 47
47 x_1_2 48
48 cz 20 30
48 cz 1 11
48 cz 22 32
48 cz 3 13
48 cz 24 34
48 cz 5 15
48 cz 26 36
48 cz 7 17
48 cz 28 38
48 cz 9 19
48 x_1_2 0
48 t 2
48 x_1_2 4
48 x_1_2 6
48 t 8
48 t 10
48 x_1_2 12
48 y_1_2 14
48 x_1_2 16
48 y_1_2 18
48 y_1_2 21
48 t 23
48 t 25
48 x_1_2 27
48 x_1_2 29
48 y_1_2 31
48 x_1_2 33
48 t 35
48 x_1_2 37
48 y_1_2 39
49 cz 0 1
49 cz 4 5
49 cz 8 9
49 cz 12 13
49 cz 16 17
49 cz 20 21
49 cz 24 25
49 cz 28 29
49 cz 32 33
49 cz 36 37
49 cz 40 41
49 cz 44 45
49 cz 48 49
49 y_1_2 3
49 t 7
49 x_1_2 11
49 y_1_2 15
49 y_1_2 19
49 t 22
49 t 26
49 t 30
49 y_1_2 34
49 x_1_2 38
50 cz 2 3
50 cz 6 7
50 cz 10 11
50 cz 14 15
50 cz 18 19
50 cz 22 23
50 cz 26 27
50 cz 30 31
50 cz 34 35
50 cz 38 39
50 cz 42 43
50 cz 46 47
50 t 0
50 t 1
50 y_1_2 4
50 x_1_2 5
50 y_1_2 8
50 y_1_2 9
50 t 12
50 t 13
50 y_1_2 16
50 y_1_2 17
50 t 20
50 x_1_2 21
50 x_1_2 24
50 y_1_2 25
50 t 28
50 y_1_2 29
50 x_1_2 32
50 t 33
50 t 36
50 t 37
50 t 40
50 t 41
50 x_1_2 44
50 y_1_2 45
50 t 48
50 y_1_2 49
51 cz 10 20
51 cz 31 41
51 cz 12 22
51 cz 33 43
51 cz 14 24
51 cz 35 45
51 cz 16 26
51 cz 37 47
51 cz 18 28
51 cz 39 49
51 y_1_2 2
51 x_1_2 3
51 y_1_2 6
51 y_1_2 7
51 y_1_2 11
51 x_1_2 15
51 x_1_2 19
51 y_1_2 23
51 t 27
51 x_1_2 30
51 t 34
51 t 38
51 x_1_2 42
51 t 46
52 cz 30 40
52 cz 11 21
52 cz 32 42
52 cz 13 23
52 cz 34 44
52 cz 15 25
52 cz 36 46
52 cz 17 27
52 cz 38 48
52 cz 19 29
52 y_1_2 10
52 y_1_2 12
52 t 14
52 t 16
52 x_1_2 18
52 x_1_2 20
52 x_1_2 22
52 y_1_2 24
52 x_1_2 26
52 y_1_2 28
52 t 31
52 y_1_2 33
52 y_1_2 35
52 x_1_2 37
52 x_1_2 39
52 y_1_2 41
52 x_1_2 43
52 t 45
52 t 47
52 t 49
53 cz 1 2
53 cz 5 6
53 cz 13 14
53 cz 17 18
53 cz 21 22
53 cz 25 26
53 cz 33 34
53 cz 37 38
53 cz 41 42
53 cz 45 46
53 x_1_2 11
53 y_1_2 15
53 t 19
53 t 23
53 x_1_2 27
53 x_1_2 29
53 y_1_2 30
53 y_1_2 32
53 x_1_2 36
53 x_1_2 40
53 y_1_2 44
53 y_1_2 48
54 cz 3 4
54 cz 7 8
54 cz 11 12
54 cz 15 16
54 cz 23 24
54 cz 27 28
54 cz 31 32
54 cz 35 36
54 cz 43 44
54 cz 47 48
54 x_1_2 1
54 t 2
54 t 5
54 x_1_2 6
54 x_1_2 13
54 x_1_2 14
54 t 17
54 t 18
54 y_1_2 21
54 y_1_2 22
54 t 25
54 y_1_2 26
54 t 33
54 x_1_2 34
54 y_1_2 37
54 x_1_2 38
54 x_1_2 41
54 t 42
54 x_1_2 45
54 x_1_2 46
55 cz 0 10
55 cz 21 31
55 cz 2 12
55 cz 23 33
55 cz 4 14
55 cz 25 35
55 cz 6 16
55 cz 27 37
55 cz 8 18
55 cz 29 39
55 t 3
55 t 7
55 y_1_2 11
55 t 15
55 t 24
55 x_1_2 28
55 t 32
55 t 36
55 t 43
55 t 44
55 y_1_2 47
55 x_1_2 48
56 cz 20 30
56 cz 1 11
56 cz 22 32
56 cz 3 13
56 cz 24 34
56 cz 5 15
56 cz 26 36
56 cz 7 17
56 cz 28 38
56 cz 9 19
56 y_1_2 0
56 x_1_2 2
56 t 4
56 y_1_2 6
56 t 8
56 x_1_2 10
56 x_1_2 12
56 y_1_2 14
56 y_1_2 16
56 x_1_2 18
56 t 21
56 y_1_2 23
56 x_1_2 25
56 y_1_2 27
56 y_1_2 29
56 y_1_2 31
56 x_1_2 33
56 x_1_2 35
56 x_1_2 37
56 y_1_2 39
57 cz 0 1
57 cz 4 5
57 cz 8 9
57 cz 12 13
57 cz 16 17
57 cz 20 21
57 cz 24 25
57 cz 28 29
57 cz 32 33
57 cz 36 37
57 cz 40 41
57 cz 44 45
57 cz 48 49
57 x_1_2 3
57 y_1_2 7
57 t 11
57 y_1_2 15
57 y_1_2 19
57 t 22
57 t 26
57 t 30
57 t 34
57 t 38
58 cz 2 3
58 cz 6 7
58 cz 10 11
58 cz 14 15
58 cz 18 19
58 cz 22 23
58 cz 26 27
58 cz 30 31
58 cz 34 35
58 cz 38 39
58 cz 42 43
58 cz 46 47
58 x_1_2 0
58 t 1
58 x_1_2 4
58 x_1_2 5
58 x_1_2 8
58 t 9
58 y_1_2 12
58 y_1_2 13
58 t 16
58 x_1_2 17
58 y_1_2 20
58 y_1_2 21
58 y_1_2 24
58 t 25
58 t 28
58 x_1_2 29
58 y_1_2 32
58 t 33
58 x_1_2 36
58 t 37
58 t 40
58 y_1_2 41
58 x_1_2 44
58 y_1_2 45
58 t 48
58 y_1_2 49
59 cz 10 20
59 cz 31 41
59 cz 12 22
59 cz 33 43
59 cz 14 24
59 cz 35 45
59 cz 16 26
59 cz 37 47
59 cz 18 28
59 cz 39 49
59 y_1_2 2
59 y_1_2 3
59 t 6
59 t 7
59 y_1_2 11
59 t 15
59 t 19
59 t 23
59 x_1_2 27
59 y_1_2 30
59 x_1_2 34
59 y_1_2 38
59 x_1_2 42
59 y_1_2 46
60 cz 30 40
60 cz 11 21
60 cz 32 42
60 cz 13 23
60 cz 34 44
60 cz 15 25
60 cz 36 46
60 cz 17 27
60 cz 38 48
60 cz 19 29
60 y_1_2 10
60 t 12
60 t 14
60 y_1_2 16
60 t 18
60 x_1_2 20
60 x_1_2 22
60 x_1_2 24
60 y_1_2 26
60 y_1_2 28
60 t 31
60 y_1_2 33
60 t 35
60 x_1_2 37
60 t 39
60 t 41
60 x_1_2 43
60 t 45
60 x_1_2 47
60 x_1_2 49
61 cz 1 2
61 cz 5 6
61 cz 13 14
61 cz 17 18
61 cz 21 22
61 cz 25 26
61 cz 33 34
61 cz 37 38
61 cz 41 42
61 cz 45 46
61 t 11
61 y_1_2 15
61 y_1_2 19
61 y_1_2 23
61 y_1_2 27
61 y_1_2 29
61 t 30
61 t 32
61 y_1_2 36
61 x_1_2 40
61 t 44
61 y_1_2 48
62 cz 3 4
62 cz 7 8
62 cz 11 12
62 cz 15 16
62 cz 23 24
62 cz 27 28
62 cz 31 32
62 cz 35 36
62 cz 43 44
62 cz 47 48
62 y_1_2 1
62 t 2
62 y_1_2 5
62 x_1_2 6
62 x_1_2 13
62 y_1_2 14
62 t 17
62 x_1_2 18
62 t 21
62 y_1_2 22
62 x_1_2 25
62 t 26
62 t 33
62 t 34
62 t 37
62 t 38
62 y_1_2 41
62 t 42
62 x_1_2 45
62 x_1_2 46
63 cz 0 10
63 cz 21 31
63 cz 2 12
63 cz 23 33
63 cz 4 14
63 cz 25 35
63 cz 6 16
63 cz 27 37
63 cz 8 18
63 cz 29 39
63 x_1_2 3
63 x_1_2 7
63 y_1_2 11
63 x_1_2 15
63 t 24
63 x_1_2 28
63 x_1_2 32
63 t 36
63 y_1_2 43
63 x_1_2 44
63 y_1_2 47
63 t 48
64 cz 20 30
64 cz 1 11
64 cz 22 32
64 cz 3 13
64 cz 24 34
64 cz 5 15
64 cz 26 36
64 cz 7 17
64 cz 28 38
64 cz 9 19
64 t 0
64 x_1_2 2
64 y_1_2 4
64 y_1_2 6
64 t 8
64 t 10
64 y_1_2 12
64 t 14
64 x_1_2 16
64 t 18
64 y_1_2 21
64 t 23
64 y_1_2 25
64 x_1_2 27
64 x_1_2 29
64 x_1_2 31
64 y_1_2 33
64 x_1_2 35
64 x_1_2 37
64 y_1_2 39
65 cz 0 1
65 cz 4 5
65 cz 8 9
65 cz 12 13
65 cz 16 17
65 cz 20 21
65 cz 24 25
65 cz 28 29
65 cz 32 33
65 cz 36 37
65 cz 40 41
65 cz 44 45
65 cz 48 49
65 t 3
65 t 7
65 t 11
65 y_1_2 15
65 x_1_2 19
65 x_1_2 22
65 x_1_2 26
65 y_1_2 30
65 y_1_2 34
65 x_1_2 38
66 cz 2 3
66 cz 6 7
66 cz 10 11
66 cz 14 15
66 cz 18 19
66 cz 22 23
66 cz 26 27
66 cz 30 31
66 cz 34 35
66 cz 38 39
66 cz 42 43
66 cz 46 47
66 y_1_2 0
66 t 1
66 t 4
66 t 5
66 y_1_2 8
66 y_1_2 9
66 x_1_2 12
66 t 13
66 t 16
66 x_1_2 17
66 t 20
66 x_1_2 21
66 x_1_2 24
66 t 25
66 t 28
66 t 29
66 t 32
66 x_1_2 33
66 y_1_2 36
66 t 37
66 t 40
66 t 41
66 y_1_2 44
66 t 45
66 y_1_2 48
66 y_1_2 49
67 cz 10 20
67 cz 31 41
67 cz 12 22
67 cz 33 43
67 cz 14 24
67 cz 35 45
67 cz 16 26
67 cz 37 47
67 cz 18 28
67 cz 39 49
67 t 2
67 x_1_2 3
67 t 6
67 y_1_2 7
67 y_1_2 11
67 x_1_2 15
67 y_1_2 19
67 x_1_2 23
67 y_1_2 27
67 x_1_2 30
67 t 34
67 t 38
67 x_1_2 42
67 t 46
68 cz 30 40
68 cz 11 21
68 cz 32 42
68 cz 13 23
68 cz 34 44
68 cz 15 25
68 cz 36 46
68 cz 17 27
68 cz 38 48
68 cz 19 29
68 y_1_2 10
68 t 12
68 y_1_2 14
68 y_1_2 16
68 y_1_2 18
68 x_1_2 20
68 y_1_2 22
68 t 24
68 t 26
68 y_1_2 28
68 y_1_2 31
68 y_1_2 33
68 t 35
68 y_1_2 37
68 t 39
68 y_1_2 41
68 x_1_2 43
68 x_1_2 45
68 t 47
68 t 49
69 cz 1 2
69 cz 5 6
69 cz 13 14
69 cz 17 18
69 cz 21 22
69 cz 25 26
69 cz 33 34
69 cz 37 38
69 cz 41 42
69 cz 45 46
69 t 11
69 t 15
69 x_1_2 19
69 t 23
69 x_1_2 27
69 x_1_2 29
69 t 30
69 x_1_2 32
69 x_1_2 36
69 y_1_2 40
69 x_1_2 44
69 x_1_2 48
70 cz 3 4
70 cz 7 8
70 cz 11 12
70 cz 15 16
70 cz 23 24
70 cz 27 28
70 cz 31 32
70 cz 35 36
70 cz 43 44
70 cz 47 48
70 x_1_2 1
70 x_1_2 2
70 x_1_2 5
70 x_1_2 6
70 y_1_2 13
70 t 14
70 t 17
70 x_1_2 18
70 y_1_2 21
70 x_1_2 22
70 x_1_2 25
70 x_1_2 26
70 x_1_2 33
70 x_1_2 34
70 x_1_2 37
70 x_1_2 38
70 x_1_2 41
70 y_1_2 42
70 t 45
70 x_1_2 46
71 cz 0 10
71 cz 21 31
71 cz 2 12
71 cz 23 33
71 cz 4 14
71 cz 25 35
71 cz 6 16
71 cz 27 37
71 cz 8 18
71 cz 29 39
71 y_1_2 3
71 x_1_2 7
71 x_1_2 11
71 x_1_2 15
71 y_1_2 24
71 x_1_2 28
71 t 32
71 y_1_2 36
71 y_1_2 43
71 t 44
71 y_1_2 47
71 y_1_2 48
72 cz 20 30
72 cz 1 11
72 cz 22 32
72 cz 3 13
72 cz 24 34
72 cz 5 15
72 cz 26 36
72 cz 7 17
72 cz 28 38
72 cz 9 19
72 t 0
72 t 2
72 y_1_2 4
72 t 6
72 t 8
72 x_1_2 10
72 y_1_2 12
72 y_1_2 14
72 t 16
72 y_1_2 18
72 t 21
72 x_1_2 23
72 y_1_2 25
72 y_1_2 27
72 t 29
72 t 31
72 y_1_2 33
72 y_1_2 35
72 t 37
72 y_1_2 39
73 cz 0 1
73 cz 4 5
73 cz 8 9
73 cz 12 13
73 cz 16 17
73 cz 20 21
73 cz 24 25
73 cz 28 29
73 cz 32 33
73 cz 36 37
73 cz 40 41
73 cz 44 45
73 cz 48 49
73 t 3
73 t 7
73 t 11
73 t 15
73 y_1_2 19
73 y_1_2 22
73 t 26
73 y_1_2 30
73 t 34
73 y_1_2 38
74 cz 2 3
74 cz 6 7
74 cz 10 11
74 cz 14 15
74 cz 18 19
74 cz 22 23
74 cz 26 27
74 cz 30 31
74 cz 34 35
74 cz 38 39
74 cz 42 43
74 cz 46 47
74 x_1_2 0
74 t 1
74 t 4
74 y_1_2 5
74 x_1_2 8
74 x_1_2 9
74 t 12
74 x_1_2 13
74 y_1_2 16
74 x_1_2 17
74 y_1_2 20
74 y_1_2 21
74 t 24
74 t 25
74 y_1_2 28
74 x_1_2 29
74 x_1_2 32
74 t 33
74 x_1_2 36
74 x_1_2 37
74 x_1_2 40
74 y_1_2 41
74 y_1_2 44
74 x_1_2 45
74 x_1_2 48
74 x_1_2 49
75 cz 10 20
75 cz 31 41
75 cz 12 22
75 cz 33 43
75 cz 14 24
75 cz 35 45
75 cz 16 26
75 cz 37 47
75 cz 18 28
75 cz 39 49
75 y_1_2 2
75 y_1_2 3
75 x_1_2 6
75 y_1_2 7
75 y_1_2 11
75 x_1_2 15
75 x_1_2 19
75 y_1_2 23
75 x_1_2 27
75 x_1_2 30
75 y_1_2 34
75 t 38
75 t 42
75 t 46
76 cz 30 40
76 cz 11 21
76 cz 32 42
76 cz 13 23
76 cz 34 44
76 cz 15 25
76 cz 36 46
76 cz 17 27
76 cz 38 48
76 cz 19 29
76 y_1_2 10
76 y_1_2 12
76 x_1_2 14
76 t 16
76 x_1_2 18
76 t 20
76 t 22
76 x_1_2 24
76 y_1_2 26
76 x_1_2 28
76 x_1_2 31
76 y_1_2 33
76 x_1_2 35
76 t 37
76 x_1_2 39
76 t 41
76 t 43
76 t 45
76 x_1_2 47
76 y_1_2 49
77 cz 1 2
77 cz 5 6
77 cz 13 14
77 cz 17 18
77 cz 21 22
77 cz 25 26
77 cz 33 34
77 cz 37 38
77 cz 41 42
77 cz 45 46
77 x_1_2 11
77 y_1_2 15
77 t 19
77 t 23
77 y_1_2 27
77 t 29
77 y_1_2 30
77 y_1_2 32
77 t 36
77 y_1_2 40
77 t 44
77 t 48
78 cz 3 4
78 cz 7 8
78 cz 11 12
78 cz 15 16
78 cz 23 24
78 cz 27 28
78 cz 31 32
78 cz 35 36
78 cz 43 44
78 cz 47 48
78 y_1_2 1
78 t 2
78 t 5
78 t 6
78 y_1_2 13
78 t 14
78 t 17
78 t 18
78 x_1_2 21
78 x_1_2 22
78 y_1_2 25
78 t 26
78 x_1_2 33
78 x_1_2 34
78 y_1_2 37
78 y_1_2 38
78 y_1_2 41
78 y_1_2 42
78 y_1_2 45
78 y_1_2 46
79 cz 0 10
79 cz 21 31
79 cz 2 12
79 cz 23 33
79 cz 4 14
79 cz 25 35
79 cz 6 16
79 cz 27 37
79 cz 8 18
79 cz 29 39
79 t 3
79 x_1_2 7
79 y_1_2 11
79 t 15
79 t 24
79 t 28
79 t 32
79 x_1_2 36
79 x_1_2 43
79 x_1_2 44
79 t 47
79 x_1_2 48
80 cz 20 30
80 cz 1 11
80 cz 22 32
80 cz 3 13
80 cz 24 34
80 cz 5 15
80 cz 26 36
80 cz 7 17
80 cz 28 38
80 cz 9 19
80 t 0
80 y_1_2 2
80 x_1_2 4
80 x_1_2 6
80 y_1_2 8
80 x_1_2 10
80 x_1_2 12
80 x_1_2 14
80 x_1_2 16
80 x_1_2 18
80 t 21
80 x_1_2 23
80 t 25
80 x_1_2 27
80 y_1_2 29
80 y_1_2 31
80 y_1_2 33
80 y_1_2 35
80 x_1_2 37
80 y_1_2 39
81 cz 0 1
81 cz 4 5
81 cz 8 9
81 cz 12 13
81 cz 16 17
81 cz 20 21
81 cz 24 25
81 cz 28 29
81 cz 32 33
81 cz 36 37
81 cz 40 41
81 cz 44 45
81 cz 48 49
81 y_1_2 3
81 t 7
81 x_1_2 11
81 y_1_2 15
81 y_1_2 19
81 y_1_2 22
81 x_1_2 26
81 t 30
81 t 34
81 t 38
82 cz 2 3
82 cz 6 7
82 cz 10 11
82 cz 14 15
82 cz 18 19
82 cz 22 23
82 cz 26 27
82 cz 30 31
82 cz 34 35
82 cz 38 39
82 cz 42 43
82 cz 46 47
82 y_1_2 0
82 x_1_2 1
82 t 4
82 y_1_2 5
82 x_1_2 8
82 t 9
82 t 12
82 x_1_2 13
82 t 16
82 x_1_2 17
82 x_1_2 20
82 x_1_2 21
82 x_1_2 24
82 x_1_2 25
82 x_1_2 28
82 t 29
82 y_1_2 32
82 x_1_2 33
82 y_1_2 36
82 t 37
82 x_1_2 40
82 t 41
82 t 44
82 t 45
82 t 48
82 x_1_2 49
83 cz 10 20
83 cz 31 41
83 cz 12 22
83 cz 33 43
83 cz 14 24
83 cz 35 45
83 cz 16 26
83 cz 37 47
83 cz 18 28
83 cz 39 49
83 x_1_2 2
83 t 3
83 y_1_2 6
83 x_1_2 7
83 y_1_2 11
83 x_1_2 15
83 x_1_2 19
83 t 23
83 t 27
83 x_1_2 30
83 y_1_2 34
83 x_1_2 38
83 t 42
83 x_1_2 46
84 cz 30 40
84 cz 11 21
84 cz 32 42
84 cz 13 23
84 cz 34 44
84 cz 15 25
84 cz 36 46
84 cz 17 27
84 cz 38 48
84 cz 19 29
84 t 10
84 y_1_2 12
84 t 14
84 y_1_2 16
84 y_1_2 18
84 t 20
84 x_1_2 22
84 t 24
84 t 26
84 y_1_2 28
84 x_1_2 31
84 t 33
84 x_1_2 35
84 x_1_2 37
84 x_1_2 39
84 x_1_2 41
84 y_1_2 43
84 y_1_2 45
84 y_1_2 47
84 t 49
85 cz 1 2
85 cz 5 6
85 cz 13 14
85 cz 17 18
85 cz 21 22
85 cz 25 26
85 cz 33 34
85 cz 37 38
85 cz 41 42
85 cz 45 46
85 x_1_2 11
85 t 15
85 t 19
85 x_1_2 23
85 x_1_2 27
85 x_1_2 29
85 t 30
85 x_1_2 32
85 t 36
85 t 40
85 x_1_2 44
85 x_1_2 48
86 cz 3 4
86 cz 7 8
86 cz 11 12
86 cz 15 16
86 cz 23 24
86 cz 27 28
86 cz 31 32
86 cz 35 36
86 cz 43 44
86 cz 47 48
86 y_1_2 1
86 t 2
86 t 5
86 t 6
86 y_1_2 13
86 x_1_2 14
86 t 17
86 t 18
86 y_1_2 21
86 t 22
86 t 25
86 y_1_2 26
86 x_1_2 33
86 x_1_2 34
86 t 37
86 y_1_2 38
86 t 41
86 x_1_2 42
86 t 45
86 t 46
87 cz 0 10
87 cz 21 31
87 cz 2 12
87 cz 23 33
87 cz 4 14
87 cz 25 35
87 cz 6 16
87 cz 27 37
87 cz 8 18
87 cz 29 39
87 y_1_2 3
87 y_1_2 7
87 t 11
87 y_1_2 15
87 y_1_2 24
87 x_1_2 28
87 t 32
87 y_1_2 36
87 x_1_2 43
87 t 44
87 t 47
87 t 48
88 cz 20 30
88 cz 1 11
88 cz 22 32
88 cz 3 13
88 cz 24 34
88 cz 5 15
88 cz 26 36
88 cz 7 17
88 cz 28 38
88 cz 9 19
88 t 0
88 y_1_2 2
88 x_1_2 4
88 x_1_2 6
88 y_1_2 8
88 y_1_2 10
88 t 12
88 t 14
88 x_1_2 16
88 x_1_2 18
88 t 21
88 y_1_2 23
88 y_1_2 25
88 t 27
88 t 29
88 y_1_2 31
88 t 33
88 y_1_2 35
88 x_1_2 37
88 t 39
89 cz 0 1
89 cz 4 5
89 cz 8 9
89 cz 12 13
89 cz 16 17
89 cz 20 21
89 cz 24 25
89 cz 28 29
89 cz 32 33
89 cz 36 37
89 cz 40 41
89 cz 44 45
89 cz 48 49
89 t 3
89 t 7
89 y_1_2 11
89 x_1_2 15
89 y_1_2 19
89 y_1_2 22
89 x_1_2 26
89 y_1_2 30
89 t 34
89 t 38
90 cz 2 3
90 cz 6 7
90 cz 10 11
90 cz 14 15
90 cz 18 19
90 cz 22 23
90 cz 26 27
90 cz 30 31
90 cz 34 35
90 cz 38 39
90 cz 42 43
90 cz 46 47
90 x_1_2 0
90 x_1_2 1
90 t 4
90 y_1_2 5
90 t 8
90 y_1_2 9
90 y_1_2 12
90 x_1_2 13
90 t 16
90 y_1_2 17
90 y_1_2 20
90 x_1_2 21
90 x_1_2 24
90 x_1_2 25
90 t 28
90 x_1_2 29
90 x_1_2 32
90 x_1_2 33
90 x_1_2 36
90 t 37
90 x_1_2 40
90 y_1_2 41
90 x_1_2 44
90 y_1_2 45
90 x_1_2 48
90 x_1_2 49
91 cz 10 20
91 cz 31 41
91 cz 12 22
91 cz 33 43
91 cz 14 24
91 cz 35 45
91 cz 16 26
91 cz 37 47
91 cz 18 28
91 cz 39 49
91 t 2
91 y_1_2 3
91 y_1_2 6
91 x_1_2 7
91 t 11
91 y_1_2 15
91 x_1_2 19
91 x_1_2 23
91 y_1_2 27
91 t 30
91 x_1_2 34
91 y_1_2 38
91 t 42
91 y_1_2 46
92 cz 30 40
92 cz 11 21
92 cz 32 42
92 cz 13 23
92 cz 34 44
92 cz 15 25
92 cz 36 46
92 cz 17 27
92 cz 38 48
92 cz 19 29
92 t 10
92 t 12
92 x_1_2 14
92 y_1_2 16
92 t 18
92 t 20
92 x_1_2 22
92 y_1_2 24
92 t 26
92 x_1_2 28
92 t 31
92 t 33
92 t 35
92 y_1_2 37
92 x_1_2 39
92 t 41
92 t 43
92 t 45
92 y_1_2 47
92 y_1_2 49
93 cz 1 2
93 cz 5 6
93 cz 13 14
93 cz 17 18
93 cz 21 22
93 cz 25 26
93 cz 33 34
93 cz 37 38
93 cz 41 42
93 cz 45 46
93 y_1_2 11
93 x_1_2 15
93 y_1_2 19
93 t 23
93 t 27
93 t 29
93 x_1_2 30
93 t 32
93 y_1_2 36
93 t 40
93 t 44
93 t 48
94 cz 3 4
94 cz 7 8
94 cz 11 12
94 cz 15 16
94 cz 23 24
94 cz 27 28
94 cz 31 32
94 cz 35 36
94 cz 43 44
94 cz 47 48
94 y_1_2 1
94 y_1_2 2
94 x_1_2 5
94 x_1_2 6
94 y_1_2 13
94 y_1_2 14
94 t 17
94 y_1_2 18
94 t 21
94 t 22
94 t 25
94 x_1_2 26
94 x_1_2 33
94 t 34
94 t 37
94 t 38
94 y_1_2 41
94 x_1_2 42
94 y_1_2 45
94 x_1_2 46
95 cz 0 10
95 cz 21 31
95 cz 2 12
95 cz 23 33
95 cz 4 14
95 cz 25 35
95 cz 6 16
95 cz 27 37
95 cz 8 18
95 cz 29 39
95 x_1_2 3
95 t 7
95 t 11
95 t 15
95 x_1_2 24
95 y_1_2 28
95 y_1_2 32
95 t 36
95 x_1_2 43
95 x_1_2 44
95 x_1_2 47
95 x_1_2 48
96 cz 20 30
96 cz 1 11
96 cz 22 32
96 cz 3 13
96 cz 24 34
96 cz 5 15
96 cz 26 36
96 cz 7 17
96 cz 28 38
96 cz 9 19
96 t 0
96 t 2
96 x_1_2 4
96 t 6
96 y_1_2 8
96 y_1_2 10
96 x_1_2 12
96 x_1_2 14
96 t 16
96 x_1_2 18
96 x_1_2 21
96 y_1_2 23
96 y_1_2 25
96 y_1_2 27
96 x_1_2 29
96 y_1_2 31
96 y_1_2 33
96 y_1_2 35
96 x_1_2 37
96 t 39
97 cz 0 1
97 cz 4 5
97 cz 8 9
97 cz 12 13
97 cz 16 17
97 cz 20 21
97 cz 24 25
97 cz 28 29
97 cz 32 33
97 cz 36 37
97 cz 40 41
97 cz 44 45
97 cz 48 49
97 t 3
97 y_1_2 7
97 x_1_2 11
97 y_1_2 15
97 t 19
97 x_1_2 22
97 y_1_2 26
97 y_1_2 30
97 x_1_2 34
97 y_1_2 38
98 cz 2 3
98 cz 6 7
98 cz 10 11
98 cz 14 15
98 cz 18 19
98 cz 22 23
98 cz 26 27
98 cz 30 31
98 cz 34 35
98 cz 38 39
98 cz 42 43
98 cz 46 47
98 y_1_2 0
98 x_1_2 1
98 t 4
98 t 5
98 t 8
98 x_1_2 9
98 y_1_2 12
98 t 13
98 x_1_2 16
98 y_1_2 17
98 x_1_2 20
98 t 21
98 y_1_2 24
98 t 25
98 t 28
98 t 29
98 t 32
98 t 33
98 x_1_2 36
98 t 37
98 y_1_2 40
98 t 41
98 t 44
98 x_1_2 45
98 y_1_2 48
98 t 49
99 cz 10 20
99 cz 31 41
99 cz 12 22
99 cz 33 43
99 cz 14 24
99 cz 35 45
99 cz 16 26
99 cz 37 47
99 cz 18 28
99 cz 39 49
99 x_1_2 2
99 x_1_2 3
99 y_1_2 6
99 t 7
99 t 11
99 t 15
99 x_1_2 19
99 t 23
99 x_1_2 27
99 x_1_2 30
99 t 34
99 x_1_2 38
99 y_1_2 42
99 y_1_2 46
100 cz 30 40
100 cz 11 21
100 cz 32 42
100 cz 13 23
100 cz 34 44
100 cz 15 25
100 cz 36 46
100 cz 17 27
100 cz 38 48
100 cz 19 29
100 x_1_2 10
100 t 12
100 y_1_2 14
100 y_1_2 16
100 t 18
100 y_1_2 20
100 t 22
100 x_1_2 24
100 x_1_2 26
100 y_1_2 28
100 x_1_2 31
100 y_1_2 33
100 x_1_2 35
100 y_1_2 37
100 x_1_2 39
100 y_1_2 41
100 y_1_2 43
100 t 45
100 y_1_2 47
100 x_1_2 49
