16
0 h 0
0 h 1
0 h 2
0 h 3
0 h 4
0 h 5
0 h 6
0 h 7
0 h 8
0 h 9
0 h 10
0 h 11
0 h 12
0 h 13
0 h 14
0 h 15
1 cz 0 1
1 cz 6 7
1 cz 8 9
1 cz 14 15
2 cz 2 3
2 cz 4 5
2 cz 10 11
2 cz 12 13
2 t 0
2 t 1
2 t 6
2 t 7
2 t 8
2 t 9
2 t 14
2 t 15
3 cz 4 8
3 cz 6 10
3 t 2
3 t 3
3 t 5
3 t 11
3 t 12
3 t 13
4 cz 5 9
4 cz 7 11
4 t 4
4 x_1_2 6
4 y_1_2 8
4 t 10
5 cz 1 2
5 cz 9 10
5 y_1_2 5
5 x_1_2 7
5 x_1_2 11
6 cz 5 6
6 cz 13 14
6 y_1_2 1
6 x_1_2 2
6 y_1_2 9
6 x_1_2 10
7 cz 0 4
7 cz 2 6
7 cz 9 13
7 cz 11 15
7 t 5
7 x_1_2 14
8 cz 1 5
8 cz 3 7
8 cz 8 12
8 cz 10 14
8 y_1_2 0
8 t 2
8 y_1_2 4
8 t 6
8 t 9
8 t 11
8 y_1_2 13
8 x_1_2 15
9 cz 0 1
9 cz 6 7
9 cz 8 9
9 cz 14 15
9 x_1_2 3
9 x_1_2 5
9 y_1_2 10
9 y_1_2 12
10 cz 2 3
10 cz 4 5
10 cz 10 11
10 cz 12 13
10 t 0
10 t 1
10 x_1_2 6
10 y_1_2 7
10 x_1_2 8
10 y_1_2 9
10 t 14
10 t 15
11 cz 4 8
11 cz 6 10
11 x_1_2 2
11 y_1_2 3
11 t 5
11 x_1_2 11
11 x_1_2 12
11 t 13
12 cz 5 9
12 cz 7 11
12 t 4
12 t 6
12 y_1_2 8
12 x_1_2 10
13 cz 1 2
13 cz 9 10
13 x_1_2 5
13 x_1_2 7
13 t 11
14 cz 5 6
14 cz 13 14
14 y_1_2 1
14 t 2
14 t 9
14 y_1_2 10
15 cz 0 4
15 cz 2 6
15 cz 9 13
15 cz 11 15
15 y_1_2 5
15 x_1_2 14
16 cz 1 5
16 cz 3 7
16 cz 8 12
16 cz 10 14
16 x_1_2 0
16 x_1_2 2
16 x_1_2 4
16 x_1_2 6
16 x_1_2 9
16 y_1_2 11
16 y_1_2 13
16 y_1_2 15
17 cz 0 1
17 cz 6 7
17 cz 8 9
17 cz 14 15
17 t 3
17 t 5
17 x_1_2 10
17 y_1_2 12
18 cz 2 3
18 cz 4 5
18 cz 10 11
18 cz 12 13
18 y_1_2 0
18 t 1
18 y_1_2 6
18 t 7
18 t 8
18 t 9
18 y_1_2 14
18 t 15
19 cz 4 8
19 cz 6 10
19 t 2
19 x_1_2 3
19 x_1_2 5
19 x_1_2 11
19 t 12
19 t 13
20 cz 5 9
20 cz 7 11
20 t 4
20 t 6
20 x_1_2 8
20 y_1_2 10
21 cz 1 2
21 cz 9 10
21 y_1_2 5
21 x_1_2 7
21 t 11
22 cz 5 6
22 cz 13 14
22 x_1_2 1
22 y_1_2 2
22 x_1_2 9
22 x_1_2 10
23 cz 0 4
23 cz 2 6
23 cz 9 13
23 cz 11 15
23 x_1_2 5
23 x_1_2 14
24 cz 1 5
24 cz 3 7
24 cz 8 12
24 cz 10 14
24 x_1_2 0
24 x_1_2 2
24 x_1_2 4
24 x_1_2 6
24 y_1_2 9
24 x_1_2 11
24 y_1_2 13
24 x_1_2 15
25 cz 0 1
25 cz 6 7
25 cz 8 9
25 cz 14 15
25 t 3
25 y_1_2 5
25 y_1_2 10
25 x_1_2 12
26 cz 2 3
26 cz 4 5
26 cz 10 11
26 cz 12 13
26 t 0
26 y_1_2 1
26 y_1_2 6
26 t 7
26 y_1_2 8
26 x_1_2 9
26 t 14
26 t 15
27 cz 4 8
27 cz 6 10
27 y_1_2 2
27 y_1_2 3
27 t 5
27 t 11
27 t 12
27 x_1_2 13
28 cz 5 9
28 cz 7 11
28 y_1_2 4
28 x_1_2 6
28 t 8
28 x_1_2 10
29 cz 1 2
29 cz 9 10
29 y_1_2 5
29 x_1_2 7
29 y_1_2 11
30 cz 5 6
30 cz 13 14
30 x_1_2 1
30 x_1_2 2
30 y_1_2 9
30 t 10
31 cz 0 4
31 cz 2 6
31 cz 9 13
31 cz 11 15
31 t 5
31 x_1_2 14
32 cz 1 5
32 cz 3 7
32 cz 8 12
32 cz 10 14
32 x_1_2 0
32 t 2
32 t 4
32 t 6
32 t 9
32 t 11
32 t 13
32 x_1_2 15
33 cz 0 1
33 cz 6 7
33 cz 8 9
33 cz 14 15
33 x_1_2 3
33 x_1_2 5
33 x_1_2 10
33 y_1_2 12
34 cz 2 3
34 cz 4 5
34 cz 10 11
34 cz 12 13
34 t 0
34 t 1
34 y_1_2 6
34 y_1_2 7
34 y_1_2 8
34 x_1_2 9
34 t 14
34 t 15
35 cz 4 8
35 cz 6 10
35 y_1_2 2
35 t 3
35 y_1_2 5
35 y_1_2 11
35 x_1_2 12
35 y_1_2 13
36 cz 5 9
36 cz 7 11
36 y_1_2 4
36 x_1_2 6
36 x_1_2 8
36 t 10
37 cz 1 2
37 cz 9 10
37 t 5
37 x_1_2 7
37 x_1_2 11
38 cz 5 6
38 cz 13 14
38 x_1_2 1
38 x_1_2 2
38 t 9
38 x_1_2 10
39 cz 0 4
39 cz 2 6
39 cz 9 13
39 cz 11 15
39 x_1_2 5
39 y_1_2 14
40 cz 1 5
40 cz 3 7
40 cz 8 12
40 cz 10 14
40 y_1_2 0
40 y_1_2 2
40 x_1_2 4
40 t 6
40 y_1_2 9
40 t 11
40 t 13
40 x_1_2 15
41 cz 0 1
41 cz 6 7
41 cz 8 9
41 cz 14 15
41 y_1_2 3
41 t 5
41 t 10
41 y_1_2 12
42 cz 2 3
42 cz 4 5
42 cz 10 11
42 cz 12 13
42 x_1_2 0
42 t 1
42 y_1_2 6
42 y_1_2 7
42 y_1_2 8
42 x_1_2 9
42 t 14
42 t 15
43 cz 4 8
43 cz 6 10
43 t 2
43 x_1_2 3
43 x_1_2 5
43 x_1_2 11
43 t 12
43 x_1_2 13
44 cz 5 9
44 cz 7 11
44 t 4
44 x_1_2 6
44 t 8
44 y_1_2 10
45 cz 1 2
45 cz 9 10
45 y_1_2 5
45 x_1_2 7
45 t 11
46 cz 5 6
46 cz 13 14
46 x_1_2 1
46 y_1_2 2
46 t 9
46 t 10
47 cz 0 4
47 cz 2 6
47 cz 9 13
47 cz 11 15
47 t 5
47 x_1_2 14
48 cz 1 5
48 cz 3 7
48 cz 8 12
48 cz 10 14
48 t 0
48 t 2
48 x_1_2 4
48 t 6
48 x_1_2 9
48 x_1_2 11
48 t 13
48 y_1_2 15
49 cz 0 1
49 cz 6 7
49 cz 8 9
49 cz 14 15
49 t 3
49 y_1_2 5
49 y_1_2 10
49 y_1_2 12
50 cz 2 3
50 cz 4 5
50 cz 10 11
50 cz 12 13
50 y_1_2 0
50 t 1
50 x_1_2 6
50 t 7
50 x_1_2 8
50 t 9
50 y_1_2 14
50 t 15
51 cz 4 8
51 cz 6 10
51 y_1_2 2
51 y_1_2 3
51 t 5
51 y_1_2 11
51 x_1_2 12
51 x_1_2 13
52 cz 5 9
52 cz 7 11
52 y_1_2 4
52 y_1_2 6
52 y_1_2 8
52 t 10
53 cz 1 2
53 cz 9 10
53 y_1_2 5
53 y_1_2 7
53 t 11
54 cz 5 6
54 cz 13 14
54 x_1_2 1
54 t 2
54 y_1_2 9
54 y_1_2 10
55 cz 0 4
55 cz 2 6
55 cz 9 13
55 cz 11 15
55 x_1_2 5
55 x_1_2 14
56 cz 1 5
56 cz 3 7
56 cz 8 12
56 cz 10 14
56 t 0
56 x_1_2 2
56 t 4
56 t 6
56 t 9
56 x_1_2 11
56 y_1_2 13
56 x_1_2 15
57 cz 0 1
57 cz 6 7
57 cz 8 9
57 cz 14 15
57 x_1_2 3
57 t 5
57 x_1_2 10
57 y_1_2 12
58 cz 2 3
58 cz 4 5
58 cz 10 11
58 cz 12 13
58 x_1_2 0
58 y_1_2 1
58 y_1_2 6
58 t 7
58 t 8
58 y_1_2 9
58 t 14
58 t 15
59 cz 4 8
59 cz 6 10
59 t 2
59 y_1_2 3
59 x_1_2 5
59 t 11
59 t 12
59 x_1_2 13
60 cz 5 9
60 cz 7 11
60 y_1_2 4
60 t 6
60 x_1_2 8
60 y_1_2 10
61 cz 1 2
61 cz 9 10
61 y_1_2 5
61 y_1_2 7
61 x_1_2 11
62 cz 5 6
62 cz 13 14
62 t 1
62 x_1_2 2
62 t 9
62 x_1_2 10
63 cz 0 4
63 cz 2 6
63 cz 9 13
63 cz 11 15
63 x_1_2 5
63 x_1_2 14
64 cz 1 5
64 cz 3 7
64 cz 8 12
64 cz 10 14
64 y_1_2 0
64 t 2
64 t 4
64 y_1_2 6
64 y_1_2 9
64 t 11
64 y_1_2 13
64 y_1_2 15
65 cz 0 1
65 cz 6 7
65 cz 8 9
65 cz 14 15
65 t 3
65 y_1_2 5
65 y_1_2 10
65 y_1_2 12
66 cz 2 3
66 cz 4 5
66 cz 10 11
66 cz 12 13
66 x_1_2 0
66 x_1_2 1
66 t 6
66 t 7
66 t 8
66 x_1_2 9
66 t 14
66 x_1_2 15
67 cz 4 8
67 cz 6 10
67 y_1_2 2
67 x_1_2 3
67 t 5
67 y_1_2 11
67 t 12
67 x_1_2 13
68 cz 5 9
68 cz 7 11
68 x_1_2 4
68 x_1_2 6
68 x_1_2 8
68 x_1_2 10
69 cz 1 2
69 cz 9 10
69 x_1_2 5
69 x_1_2 7
69 t 11
70 cz 5 6
70 cz 13 14
70 y_1_2 1
70 t 2
70 t 9
70 t 10
71 cz 0 4
71 cz 2 6
71 cz 9 13
71 cz 11 15
71 t 5
71 y_1_2 14
72 cz 1 5
72 cz 3 7
72 cz 8 12
72 cz 10 14
72 t 0
72 x_1_2 2
72 t 4
72 t 6
72 x_1_2 9
72 y_1_2 11
72 y_1_2 13
72 y_1_2 15
73 cz 0 1
73 cz 6 7
73 cz 8 9
73 cz 14 15
73 y_1_2 3
73 x_1_2 5
73 x_1_2 10
73 x_1_2 12
74 cz 2 3
74 cz 4 5
74 cz 10 11
74 cz 12 13
74 y_1_2 0
74 t 1
74 y_1_2 6
74 t 7
74 y_1_2 8
74 t 9
74 x_1_2 14
74 t 15
75 cz 4 8
75 cz 6 10
75 t 2
75 t 3
75 t 5
75 x_1_2 11
75 t 12
75 x_1_2 13
76 cz 5 9
76 cz 7 11
76 y_1_2 4
76 t 6
76 x_1_2 8
76 y_1_2 10
77 cz 1 2
77 cz 9 10
77 y_1_2 5
77 y_1_2 7
77 y_1_2 11
78 cz 5 6
78 cz 13 14
78 x_1_2 1
78 x_1_2 2
78 x_1_2 9
78 x_1_2 10
79 cz 0 4
79 cz 2 6
79 cz 9 13
79 cz 11 15
79 t 5
79 t 14
80 cz 1 5
80 cz 3 7
80 cz 8 12
80 cz 10 14
80 x_1_2 0
80 t 2
80 t 4
80 x_1_2 6
80 y_1_2 9
80 t 11
80 t 13
80 x_1_2 15
81 cz 0 1
81 cz 6 7
81 cz 8 9
81 cz 14 15
81 x_1_2 3
81 y_1_2 5
81 t 10
81 x_1_2 12
82 cz 2 3
82 cz 4 5
82 cz 10 11
82 cz 12 13
82 y_1_2 0
82 y_1_2 1
82 t 6
82 t 7
82 y_1_2 8
82 t 9
82 y_1_2 14
82 y_1_2 15
83 cz 4 8
83 cz 6 10
83 y_1_2 2
83 y_1_2 3
83 x_1_2 5
83 x_1_2 11
83 t 12
83 x_1_2 13
84 cz 5 9
84 cz 7 11
84 x_1_2 4
84 y_1_2 6
84 x_1_2 8
84 x_1_2 10
85 cz 1 2
85 cz 9 10
85 t 5
85 y_1_2 7
85 t 11
86 cz 5 6
86 cz 13 14
86 t 1
86 t 2
86 y_1_2 9
86 t 10
87 cz 0 4
87 cz 2 6
87 cz 9 13
87 cz 11 15
87 y_1_2 5
87 t 14
88 cz 1 5
88 cz 3 7
88 cz 8 12
88 cz 10 14
88 x_1_2 0
88 x_1_2 2
88 y_1_2 4
88 x_1_2 6
88 x_1_2 9
88 y_1_2 11
88 t 13
88 t 15
89 cz 0 1
89 cz 6 7
89 cz 8 9
89 cz 14 15
89 x_1_2 3
89 x_1_2 5
89 y_1_2 10
89 x_1_2 12
90 cz 2 3
90 cz 4 5
90 cz 10 11
90 cz 12 13
90 t 0
90 x_1_2 1
90 t 6
90 x_1_2 7
90 y_1_2 8
90 t 9
90 x_1_2 14
90 y_1_2 15
91 cz 4 8
91 cz 6 10
91 t 2
91 t 3
91 y_1_2 5
91 x_1_2 11
91 y_1_2 12
91 y_1_2 13
92 cz 5 9
92 cz 7 11
92 t 4
92 y_1_2 6
92 t 8
92 x_1_2 10
93 cz 1 2
93 cz 9 10
93 x_1_2 5
93 t 7
93 t 11
94 cz 5 6
94 cz 13 14
94 t 1
94 x_1_2 2
94 x_1_2 9
94 y_1_2 10
95 cz 0 4
95 cz 2 6
95 cz 9 13
95 cz 11 15
95 y_1_2 5
95 t 14
96 cz 1 5
96 cz 3 7
96 cz 8 12
96 cz 10 14
96 y_1_2 0
96 y_1_2 2
96 x_1_2 4
96 x_1_2 6
96 y_1_2 9
96 y_1_2 11
96 x_1_2 13
96 x_1_2 15
97 cz 0 1
97 cz 6 7
97 cz 8 9
97 cz 14 15
97 y_1_2 3
97 t 5
97 x_1_2 10
97 t 12
98 cz 2 3
98 cz 4 5
98 cz 10 11
98 cz 12 13
98 t 0
98 x_1_2 1
98 y_1_2 6
98 y_1_2 7
98 x_1_2 8
98 t 9
98 x_1_2 14
98 y_1_2 15
99 cz 4 8
99 cz 6 10
99 t 2
99 x_1_2 3
99 y_1_2 5
99 t 11
99 x_1_2 12
99 y_1_2 13
100 cz 5 9
100 cz 7 11
100 y_1_2 4
100 x_1_2 6
100 t 8
100 y_1_2 10
