42
0 h 0
0 h 1
0 h 2
0 h 3
0 h 4
0 h 5
0 h 6
0 h 7
0 h 8
0 h 9
0 h 10
0 h 11
0 h 12
0 h 13
0 h 14
0 h 15
0 h 16
0 h 17
0 h 18
0 h 19
0 h 20
0 h 21
0 h 22
0 h 23
0 h 24
0 h 25
0 h 26
0 h 27
0 h 28
0 h 29
0 h 30
0 h 31
0 h 32
0 h 33
0 h 34
0 h 35
0 h 36
0 h 37
0 h 38
0 h 39
0 h 40
0 h 41
1 cz 0 1
1 cz 4 5
1 cz 9 10
1 cz 14 15
1 cz 18 19
1 cz 23 24
1 cz 28 29
1 cz 32 33
1 cz 37 38
2 cz 2 3
2 cz 7 8
2 cz 11 12
2 cz 16 17
2 cz 21 22
2 cz 25 26
2 cz 30 31
2 cz 35 36
2 cz 39 40
2 t 0
2 t 1
2 t 4
2 t 5
2 t 9
2 t 10
2 t 14
2 t 15
2 t 18
2 t 19
2 t 23
2 t 24
2 t 28
2 t 29
2 t 32
2 t 33
2 t 37
2 t 38
3 cz 7 14
3 cz 9 16
3 cz 11 18
3 cz 13 20
3 cz 22 29
3 cz 24 31
3 cz 26 33
3 t 2
3 t 3
3 t 8
3 t 12
3 t 17
3 t 21
3 t 25
3 t 30
3 t 35
3 t 36
3 t 39
3 t 40
4 cz 8 15
4 cz 10 17
4 cz 12 19
4 cz 21 28
4 cz 23 30
4 cz 25 32
4 cz 27 34
4 t 7
4 y_1_2 9
4 t 11
4 t 13
4 y_1_2 14
4 t 16
4 x_1_2 18
4 t 20
4 t 22
4 x_1_2 24
4 t 26
4 y_1_2 29
4 t 31
4 y_1_2 33
5 cz 1 2
5 cz 5 6
5 cz 10 11
5 cz 15 16
5 cz 19 20
5 cz 24 25
5 cz 29 30
5 cz 33 34
5 cz 38 39
5 y_1_2 8
5 y_1_2 12
5 y_1_2 17
5 x_1_2 21
5 x_1_2 23
5 t 27
5 y_1_2 28
5 x_1_2 32
6 cz 3 4
6 cz 8 9
6 cz 12 13
6 cz 17 18
6 cz 22 23
6 cz 26 27
6 cz 31 32
6 cz 36 37
6 cz 40 41
6 y_1_2 1
6 y_1_2 2
6 x_1_2 5
6 t 6
6 x_1_2 10
6 y_1_2 11
6 x_1_2 15
6 x_1_2 16
6 x_1_2 19
6 y_1_2 20
6 y_1_2 24
6 x_1_2 25
6 t 29
6 x_1_2 30
6 x_1_2 33
6 t 34
6 x_1_2 38
6 y_1_2 39
7 cz 0 7
7 cz 2 9
7 cz 4 11
7 cz 6 13
7 cz 15 22
7 cz 17 24
7 cz 19 26
7 cz 28 35
7 cz 30 37
7 cz 32 39
7 cz 34 41
7 x_1_2 3
7 x_1_2 8
7 x_1_2 12
7 t 18
7 t 23
7 y_1_2 27
7 y_1_2 31
7 y_1_2 36
7 x_1_2 40
8 cz 1 8
8 cz 3 10
8 cz 5 12
8 cz 14 21
8 cz 16 23
8 cz 18 25
8 cz 20 27
8 cz 29 36
8 cz 31 38
8 cz 33 40
8 x_1_2 0
8 x_1_2 2
8 y_1_2 4
8 y_1_2 6
8 y_1_2 7
8 t 9
8 t 11
8 y_1_2 13
8 y_1_2 15
8 t 17
8 t 19
8 x_1_2 22
8 x_1_2 24
8 y_1_2 26
8 x_1_2 28
8 y_1_2 30
8 t 32
8 y_1_2 34
8 y_1_2 35
8 x_1_2 37
8 t 39
8 t 41
9 cz 0 1
9 cz 4 5
9 cz 9 10
9 cz 14 15
9 cz 18 19
9 cz 23 24
9 cz 28 29
9 cz 32 33
9 cz 37 38
9 y_1_2 3
9 y_1_2 8
9 t 12
9 t 16
9 x_1_2 20
9 t 21
9 t 25
9 t 27
9 t 31
9 x_1_2 36
9 y_1_2 40
10 cz 2 3
10 cz 7 8
10 cz 11 12
10 cz 16 17
10 cz 21 22
10 cz 25 26
10 cz 30 31
10 cz 35 36
10 cz 39 40
10 t 0
10 t 1
10 x_1_2 4
10 y_1_2 5
10 x_1_2 9
10 y_1_2 10
10 t 14
10 t 15
10 y_1_2 18
10 x_1_2 19
10 y_1_2 23
10 y_1_2 24
10 y_1_2 28
10 y_1_2 29
10 y_1_2 32
10 y_1_2 33
10 t 37
10 t 38
11 cz 7 14
11 cz 9 16
11 cz 11 18
11 cz 13 20
11 cz 22 29
11 cz 24 31
11 cz 26 33
11 y_1_2 2
11 t 3
11 x_1_2 8
11 x_1_2 12
11 y_1_2 17
11 y_1_2 21
11 y_1_2 25
11 x_1_2 30
11 t 35
11 t 36
11 x_1_2 39
11 t 40
12 cz 8 15
12 cz 10 17
12 cz 12 19
12 cz 21 28
12 cz 23 30
12 cz 25 32
12 cz 27 34
12 t 7
12 t 9
12 y_1_2 11
12 x_1_2 13
12 x_1_2 14
12 x_1_2 16
12 x_1_2 18
12 y_1_2 20
12 t 22
12 t 24
12 t 26
12 t 29
12 y_1_2 31
12 t 33
13 cz 1 2
13 cz 5 6
13 cz 10 11
13 cz 15 16
13 cz 19 20
13 cz 24 25
13 cz 29 30
13 cz 33 34
13 cz 38 39
13 t 8
13 y_1_2 12
13 x_1_2 17
13 x_1_2 21
13 x_1_2 23
13 x_1_2 27
13 x_1_2 28
13 t 32
14 cz 3 4
14 cz 8 9
14 cz 12 13
14 cz 17 18
14 cz 22 23
14 cz 26 27
14 cz 31 32
14 cz 36 37
14 cz 40 41
14 y_1_2 1
14 t 2
14 t 5
14 t 6
14 t 10
14 x_1_2 11
14 x_1_2 15
14 t 16
14 t 19
14 x_1_2 20
14 x_1_2 24
14 t 25
14 x_1_2 29
14 y_1_2 30
14 x_1_2 33
14 t 34
14 y_1_2 38
14 t 39
15 cz 0 7
15 cz 2 9
15 cz 4 11
15 cz 6 13
15 cz 15 22
15 cz 17 24
15 cz 19 26
15 cz 28 35
15 cz 30 37
15 cz 32 39
15 cz 34 41
15 y_1_2 3
15 y_1_2 8
15 x_1_2 12
15 t 18
15 y_1_2 23
15 t 27
15 x_1_2 31
15 x_1_2 36
15 x_1_2 40
16 cz 1 8
16 cz 3 10
16 cz 5 12
16 cz 14 21
16 cz 16 23
16 cz 18 25
16 cz 20 27
16 cz 29 36
16 cz 31 38
16 cz 33 40
16 y_1_2 0
16 y_1_2 2
16 t 4
16 x_1_2 6
16 y_1_2 7
16 x_1_2 9
16 y_1_2 11
16 y_1_2 13
16 y_1_2 15
16 t 17
16 x_1_2 19
16 y_1_2 22
16 y_1_2 24
16 y_1_2 26
16 t 28
16 t 30
16 x_1_2 32
16 x_1_2 34
16 x_1_2 35
16 x_1_2 37
16 x_1_2 39
16 x_1_2 41
17 cz 0 1
17 cz 4 5
17 cz 9 10
17 cz 14 15
17 cz 18 19
17 cz 23 24
17 cz 28 29
17 cz 32 33
17 cz 37 38
17 t 3
17 x_1_2 8
17 y_1_2 12
17 y_1_2 16
17 y_1_2 20
17 y_1_2 21
17 y_1_2 25
17 y_1_2 27
17 y_1_2 31
17 y_1_2 36
17 y_1_2 40
18 cz 2 3
18 cz 7 8
18 cz 11 12
18 cz 16 17
18 cz 21 22
18 cz 25 26
18 cz 30 31
18 cz 35 36
18 cz 39 40
18 t 0
18 x_1_2 1
18 x_1_2 4
18 x_1_2 5
18 y_1_2 9
18 y_1_2 10
18 y_1_2 14
18 x_1_2 15
18 x_1_2 18
18 y_1_2 19
18 t 23
18 t 24
18 x_1_2 28
18 y_1_2 29
18 t 32
18 t 33
18 t 37
18 x_1_2 38
19 cz 7 14
19 cz 9 16
19 cz 11 18
19 cz 13 20
19 cz 22 29
19 cz 24 31
19 cz 26 33
19 x_1_2 2
19 x_1_2 3
19 y_1_2 8
19 x_1_2 12
19 y_1_2 17
19 t 21
19 t 25
19 x_1_2 30
19 t 35
19 t 36
19 y_1_2 39
19 x_1_2 40
20 cz 8 15
20 cz 10 17
20 cz 12 19
20 cz 21 28
20 cz 23 30
20 cz 25 32
20 cz 27 34
20 x_1_2 7
20 t 9
20 t 11
20 x_1_2 13
20 t 14
20 t 16
20 t 18
20 x_1_2 20
20 t 22
20 y_1_2 24
20 t 26
20 t 29
20 x_1_2 31
20 y_1_2 33
21 cz 1 2
21 cz 5 6
21 cz 10 11
21 cz 15 16
21 cz 19 20
21 cz 24 25
21 cz 29 30
21 cz 33 34
21 cz 38 39
21 x_1_2 8
21 y_1_2 12
21 t 17
21 x_1_2 21
21 y_1_2 23
21 x_1_2 27
21 t 28
21 y_1_2 32
22 cz 3 4
22 cz 8 9
22 cz 12 13
22 cz 17 18
22 cz 22 23
22 cz 26 27
22 cz 31 32
22 cz 36 37
22 cz 40 41
22 y_1_2 1
22 t 2
22 t 5
22 y_1_2 6
22 t 10
22 y_1_2 11
22 t 15
22 x_1_2 16
22 t 19
22 y_1_2 20
22 t 24
22 x_1_2 25
22 y_1_2 29
22 t 30
22 t 33
22 t 34
22 t 38
22 t 39
23 cz 0 7
23 cz 2 9
23 cz 4 11
23 cz 6 13
23 cz 15 22
23 cz 17 24
23 cz 19 26
23 cz 28 35
23 cz 30 37
23 cz 32 39
23 cz 34 41
23 y_1_2 3
23 y_1_2 8
23 t 12
23 y_1_2 18
23 x_1_2 23
23 y_1_2 27
23 y_1_2 31
23 y_1_2 36
23 t 40
24 cz 1 8
24 cz 3 10
24 cz 5 12
24 cz 14 21
24 cz 16 23
24 cz 18 25
24 cz 20 27
24 cz 29 36
24 cz 31 38
24 cz 33 40
24 x_1_2 0
24 x_1_2 2
24 y_1_2 4
24 x_1_2 6
24 y_1_2 7
24 y_1_2 9
24 t 11
24 t 13
24 y_1_2 15
24 y_1_2 17
24 y_1_2 19
24 y_1_2 22
24 x_1_2 24
24 x_1_2 26
24 y_1_2 28
24 x_1_2 30
24 x_1_2 32
24 x_1_2 34
24 y_1_2 35
24 x_1_2 37
24 y_1_2 39
24 y_1_2 41
25 cz 0 1
25 cz 4 5
25 cz 9 10
25 cz 14 15
25 cz 18 19
25 cz 23 24
25 cz 28 29
25 cz 32 33
25 cz 37 38
25 t 3
25 x_1_2 8
25 x_1_2 12
25 y_1_2 16
25 x_1_2 20
25 t 21
25 t 25
25 x_1_2 27
25 x_1_2 31
25 x_1_2 36
25 y_1_2 40
26 cz 2 3
26 cz 7 8
26 cz 11 12
26 cz 16 17
26 cz 21 22
26 cz 25 26
26 cz 30 31
26 cz 35 36
26 cz 39 40
26 y_1_2 0
26 t 1
26 t 4
26 x_1_2 5
26 x_1_2 9
26 y_1_2 10
26 x_1_2 14
26 t 15
26 x_1_2 18
26 x_1_2 19
26 y_1_2 23
26 t 24
26 x_1_2 28
26 t 29
26 y_1_2 32
26 y_1_2 33
26 t 37
26 y_1_2 38
27 cz 7 14
27 cz 9 16
27 cz 11 18
27 cz 13 20
27 cz 22 29
27 cz 24 31
27 cz 26 33
27 y_1_2 2
27 y_1_2 3
27 y_1_2 8
27 t 12
27 t 17
27 y_1_2 21
27 y_1_2 25
27 y_1_2 30
27 x_1_2 35
27 t 36
27 x_1_2 39
27 x_1_2 40
28 cz 8 15
28 cz 10 17
28 cz 12 19
28 cz 21 28
28 cz 23 30
28 cz 25 32
28 cz 27 34
28 x_1_2 7
28 y_1_2 9
28 y_1_2 11
28 y_1_2 13
28 y_1_2 14
28 t 16
28 t 18
28 y_1_2 20
28 x_1_2 22
28 y_1_2 24
28 t 26
28 y_1_2 29
28 t 31
28 t 33
29 cz 1 2
29 cz 5 6
29 cz 10 11
29 cz 15 16
29 cz 19 20
29 cz 24 25
29 cz 29 30
29 cz 33 34
29 cz 38 39
29 t 8
29 y_1_2 12
29 x_1_2 17
29 x_1_2 21
29 x_1_2 23
29 y_1_2 27
29 y_1_2 28
29 x_1_2 32
30 cz 3 4
30 cz 8 9
30 cz 12 13
30 cz 17 18
30 cz 22 23
30 cz 26 27
30 cz 31 32
30 cz 36 37
30 cz 40 41
30 x_1_2 1
30 t 2
30 y_1_2 5
30 y_1_2 6
30 x_1_2 10
30 x_1_2 11
30 x_1_2 15
30 y_1_2 16
30 t 19
30 t 20
30 t 24
30 x_1_2 25
30 x_1_2 29
30 x_1_2 30
30 y_1_2 33
30 y_1_2 34
30 t 38
30 y_1_2 39
31 cz 0 7
31 cz 2 9
31 cz 4 11
31 cz 6 13
31 cz 15 22
31 cz 17 24
31 cz 19 26
31 cz 28 35
31 cz 30 37
31 cz 32 39
31 cz 34 41
31 t 3
31 x_1_2 8
31 x_1_2 12
31 x_1_2 18
31 y_1_2 23
31 x_1_2 27
31 x_1_2 31
31 y_1_2 36
31 y_1_2 40
32 cz 1 8
32 cz 3 10
32 cz 5 12
32 cz 14 21
32 cz 16 23
32 cz 18 25
32 cz 20 27
32 cz 29 36
32 cz 31 38
32 cz 33 40
32 x_1_2 0
32 x_1_2 2
32 y_1_2 4
32 x_1_2 6
32 t 7
32 t 9
32 y_1_2 11
32 x_1_2 13
32 t 15
32 t 17
32 x_1_2 19
32 t 22
32 x_1_2 24
32 y_1_2 26
32 x_1_2 28
32 t 30
32 t 32
32 x_1_2 34
32 y_1_2 35
32 y_1_2 37
32 x_1_2 39
32 x_1_2 41
33 cz 0 1
33 cz 4 5
33 cz 9 10
33 cz 14 15
33 cz 18 19
33 cz 23 24
33 cz 28 29
33 cz 32 33
33 cz 37 38
33 x_1_2 3
33 y_1_2 8
33 y_1_2 12
33 t 16
33 y_1_2 20
33 y_1_2 21
33 y_1_2 25
33 t 27
33 t 31
33 t 36
33 t 40
34 cz 2 3
34 cz 7 8
34 cz 11 12
34 cz 16 17
34 cz 21 22
34 cz 25 26
34 cz 30 31
34 cz 35 36
34 cz 39 40
34 y_1_2 0
34 t 1
34 x_1_2 4
34 t 5
34 x_1_2 9
34 y_1_2 10
34 t 14
34 x_1_2 15
34 t 18
34 y_1_2 19
34 t 23
34 y_1_2 24
34 y_1_2 28
34 y_1_2 29
34 x_1_2 32
34 t 33
34 x_1_2 37
34 x_1_2 38
35 cz 7 14
35 cz 9 16
35 cz 11 18
35 cz 13 20
35 cz 22 29
35 cz 24 31
35 cz 26 33
35 t 2
35 t 3
35 t 8
35 t 12
35 y_1_2 17
35 x_1_2 21
35 x_1_2 25
35 x_1_2 30
35 t 35
35 x_1_2 36
35 t 39
35 y_1_2 40
36 cz 8 15
36 cz 10 17
36 cz 12 19
36 cz 21 28
36 cz 23 30
36 cz 25 32
36 cz 27 34
36 x_1_2 7
36 t 9
36 t 11
36 y_1_2 13
36 x_1_2 14
36 y_1_2 16
36 y_1_2 18
36 x_1_2 20
36 y_1_2 22
36 t 24
36 t 26
36 t 29
36 x_1_2 31
36 y_1_2 33
37 cz 1 2
37 cz 5 6
37 cz 10 11
37 cz 15 16
37 cz 19 20
37 cz 24 25
37 cz 29 30
37 cz 33 34
37 cz 38 39
37 x_1_2 8
37 x_1_2 12
37 x_1_2 17
37 y_1_2 21
37 x_1_2 23
37 y_1_2 27
37 x_1_2 28
37 y_1_2 32
38 cz 3 4
38 cz 8 9
38 cz 12 13
38 cz 17 18
38 cz 22 23
38 cz 26 27
38 cz 31 32
38 cz 36 37
38 cz 40 41
38 x_1_2 1
38 x_1_2 2
38 y_1_2 5
38 y_1_2 6
38 x_1_2 10
38 y_1_2 11
38 y_1_2 15
38 t 16
38 t 19
38 y_1_2 20
38 y_1_2 24
38 y_1_2 25
38 y_1_2 29
38 y_1_2 30
38 t 33
38 y_1_2 34
38 y_1_2 38
38 x_1_2 39
39 cz 0 7
39 cz 2 9
39 cz 4 11
39 cz 6 13
39 cz 15 22
39 cz 17 24
39 cz 19 26
39 cz 28 35
39 cz 30 37
39 cz 32 39
39 cz 34 41
39 x_1_2 3
39 t 8
39 y_1_2 12
39 t 18
39 t 23
39 t 27
39 t 31
39 t 36
39 x_1_2 40
40 cz 1 8
40 cz 3 10
40 cz 5 12
40 cz 14 21
40 cz 16 23
40 cz 18 25
40 cz 20 27
40 cz 29 36
40 cz 31 38
40 cz 33 40
40 t 0
40 y_1_2 2
40 t 4
40 x_1_2 6
40 y_1_2 7
40 x_1_2 9
40 x_1_2 11
40 t 13
40 t 15
40 y_1_2 17
40 x_1_2 19
40 x_1_2 22
40 x_1_2 24
40 y_1_2 26
40 y_1_2 28
40 x_1_2 30
40 t 32
40 t 34
40 y_1_2 35
40 t 37
40 y_1_2 39
40 t 41
41 cz 0 1
41 cz 4 5
41 cz 9 10
41 cz 14 15
41 cz 18 19
41 cz 23 24
41 cz 28 29
41 cz 32 33
41 cz 37 38
41 t 3
41 x_1_2 8
41 t 12
41 x_1_2 16
41 x_1_2 20
41 t 21
41 x_1_2 25
41 x_1_2 27
41 x_1_2 31
41 y_1_2 36
41 t 40
42 cz 2 3
42 cz 7 8
42 cz 11 12
42 cz 16 17
42 cz 21 22
42 cz 25 26
42 cz 30 31
42 cz 35 36
42 cz 39 40
42 y_1_2 0
42 t 1
42 x_1_2 4
42 x_1_2 5
42 y_1_2 9
42 y_1_2 10
42 t 14
42 x_1_2 15
42 y_1_2 18
42 t 19
42 x_1_2 23
42 y_1_2 24
42 t 28
42 t 29
42 x_1_2 32
42 y_1_2 33
42 y_1_2 37
42 x_1_2 38
43 cz 7 14
43 cz 9 16
43 cz 11 18
43 cz 13 20
43 cz 22 29
43 cz 24 31
43 cz 26 33
43 x_1_2 2
43 x_1_2 3
43 y_1_2 8
43 y_1_2 12
43 x_1_2 17
43 x_1_2 21
43 y_1_2 25
43 y_1_2 30
43 t 35
43 x_1_2 36
43 t 39
43 x_1_2 40
44 cz 8 15
44 cz 10 17
44 cz 12 19
44 cz 21 28
44 cz 23 30
44 cz 25 32
44 cz 27 34
44 x_1_2 7
44 t 9
44 t 11
44 y_1_2 13
44 x_1_2 14
44 y_1_2 16
44 t 18
44 y_1_2 20
44 y_1_2 22
44 x_1_2 24
44 x_1_2 26
44 x_1_2 29
44 t 31
44 t 33
45 cz 1 2
45 cz 5 6
45 cz 10 11
45 cz 15 16
45 cz 19 20
45 cz 24 25
45 cz 29 30
45 cz 33 34
45 cz 38 39
45 t 8
45 t 12
45 t 17
45 y_1_2 21
45 y_1_2 23
45 t 27
45 y_1_2 28
45 y_1_2 32
46 cz 3 4
46 cz 8 9
46 cz 12 13
46 cz 17 18
46 cz 22 23
46 cz 26 27
46 cz 31 32
46 cz 36 37
46 cz 40 41
46 x_1_2 1
46 y_1_2 2
46 y_1_2 5
46 t 6
46 x_1_2 10
46 x_1_2 11
46 y_1_2 15
46 t 16
46 x_1_2 19
46 t 20
46 y_1_2 24
46 x_1_2 25
46 y_1_2 29
46 x_1_2 30
46 y_1_2 33
46 x_1_2 34
46 y_1_2 38
46 y_1_2 39
47 cz 0 7
47 cz 2 9
47 cz 4 11
47 cz 6 13
47 cz 15 22
47 cz 17 24
47 cz 19 26
47 cz 28 35
47 cz 30 37
47 cz 32 39
47 cz 34 41
47 t 3
47 x_1_2 8
47 y_1_2 12
47 y_1_2 18
47 t 23
47 y_1_2 27
47 y_1_2 31
47 y_1_2 36
47 y_1_2 40
48 cz 1 8
48 cz 3 10
48 cz 5 12
48 cz 14 21
48 cz 16 23
48 cz 18 25
48 cz 20 27
48 cz 29 36
48 cz 31 38
48 cz 33 40
48 x_1_2 0
48 x_1_2 2
48 y_1_2 4
48 x_1_2 6
48 y_1_2 7
48 x_1_2 9
48 t 11
48 x_1_2 13
48 x_1_2 15
48 x_1_2 17
48 t 19
48 x_1_2 22
48 t 24
48 y_1_2 26
48 t 28
48 y_1_2 30
48 x_1_2 32
48 t 34
48 y_1_2 35
48 t 37
48 t 39
48 y_1_2 41
49 cz 0 1
49 cz 4 5
49 cz 9 10
49 cz 14 15
49 cz 18 19
49 cz 23 24
49 cz 28 29
49 cz 32 33
49 cz 37 38
49 y_1_2 3
49 y_1_2 8
49 x_1_2 12
49 x_1_2 16
49 y_1_2 20
49 x_1_2 21
49 y_1_2 25
49 t 27
49 x_1_2 31
49 t 36
49 t 40
50 cz 2 3
50 cz 7 8
50 cz 11 12
50 cz 16 17
50 cz 21 22
50 cz 25 26
50 cz 30 31
50 cz 35 36
50 cz 39 40
50 y_1_2 0
50 y_1_2 1
50 x_1_2 4
50 t 5
50 t 9
50 y_1_2 10
50 t 14
50 t 15
50 x_1_2 18
50 x_1_2 19
50 x_1_2 23
50 x_1_2 24
50 y_1_2 28
50 x_1_2 29
50 y_1_2 32
50 t 33
50 x_1_2 37
50 x_1_2 38
51 cz 7 14
51 cz 9 16
51 cz 11 18
51 cz 13 20
51 cz 22 29
51 cz 24 31
51 cz 26 33
51 y_1_2 2
51 x_1_2 3
51 x_1_2 8
51 y_1_2 12
51 t 17
51 t 21
51 x_1_2 25
51 x_1_2 30
51 x_1_2 35
51 x_1_2 36
51 x_1_2 39
51 x_1_2 40
52 cz 8 15
52 cz 10 17
52 cz 12 19
52 cz 21 28
52 cz 23 30
52 cz 25 32
52 cz 27 34
52 t 7
52 y_1_2 9
52 x_1_2 11
52 t 13
52 x_1_2 14
52 y_1_2 16
52 t 18
52 x_1_2 20
52 t 22
52 t 24
52 t 26
52 y_1_2 29
52 y_1_2 31
52 x_1_2 33
53 cz 1 2
53 cz 5 6
53 cz 10 11
53 cz 15 16
53 cz 19 20
53 cz 24 25
53 cz 29 30
53 cz 33 34
53 cz 38 39
53 t 8
53 t 12
53 y_1_2 17
53 y_1_2 21
53 t 23
53 x_1_2 27
53 t 28
53 x_1_2 32
54 cz 3 4
54 cz 8 9
54 cz 12 13
54 cz 17 18
54 cz 22 23
54 cz 26 27
54 cz 31 32
54 cz 36 37
54 cz 40 41
54 t 1
54 x_1_2 2
54 x_1_2 5
54 y_1_2 6
54 x_1_2 10
54 y_1_2 11
54 x_1_2 15
54 x_1_2 16
54 y_1_2 19
54 y_1_2 20
54 x_1_2 24
54 t 25
54 x_1_2 29
54 t 30
54 y_1_2 33
54 x_1_2 34
54 t 38
54 t 39
55 cz 0 7
55 cz 2 9
55 cz 4 11
55 cz 6 13
55 cz 15 22
55 cz 17 24
55 cz 19 26
55 cz 28 35
55 cz 30 37
55 cz 32 39
55 cz 34 41
55 y_1_2 3
55 x_1_2 8
55 y_1_2 12
55 y_1_2 18
55 y_1_2 23
55 y_1_2 27
55 t 31
55 t 36
55 y_1_2 40
56 cz 1 8
56 cz 3 10
56 cz 5 12
56 cz 14 21
56 cz 16 23
56 cz 18 25
56 cz 20 27
56 cz 29 36
56 cz 31 38
56 cz 33 40
56 t 0
56 t 2
56 t 4
56 t 6
56 x_1_2 7
56 t 9
56 x_1_2 11
56 y_1_2 13
56 t 15
56 t 17
56 t 19
56 x_1_2 22
56 t 24
56 y_1_2 26
56 y_1_2 28
56 x_1_2 30
56 y_1_2 32
56 t 34
56 y_1_2 35
56 t 37
56 y_1_2 39
56 x_1_2 41
57 cz 0 1
57 cz 4 5
57 cz 9 10
57 cz 14 15
57 cz 18 19
57 cz 23 24
57 cz 28 29
57 cz 32 33
57 cz 37 38
57 x_1_2 3
57 t 8
57 x_1_2 12
57 y_1_2 16
57 x_1_2 20
57 x_1_2 21
57 x_1_2 25
57 x_1_2 27
57 y_1_2 31
57 y_1_2 36
57 t 40
58 cz 2 3
58 cz 7 8
58 cz 11 12
58 cz 16 17
58 cz 21 22
58 cz 25 26
58 cz 30 31
58 cz 35 36
58 cz 39 40
58 x_1_2 0
58 x_1_2 1
58 y_1_2 4
58 y_1_2 5
58 y_1_2 9
58 y_1_2 10
58 y_1_2 14
58 y_1_2 15
58 t 18
58 y_1_2 19
58 x_1_2 23
58 y_1_2 24
58 x_1_2 28
58 y_1_2 29
58 x_1_2 32
58 t 33
58 y_1_2 37
58 y_1_2 38
59 cz 7 14
59 cz 9 16
59 cz 11 18
59 cz 13 20
59 cz 22 29
59 cz 24 31
59 cz 26 33
59 y_1_2 2
59 y_1_2 3
59 y_1_2 8
59 y_1_2 12
59 y_1_2 17
59 y_1_2 21
59 y_1_2 25
59 y_1_2 30
59 x_1_2 35
59 t 36
59 x_1_2 39
59 x_1_2 40
60 cz 8 15
60 cz 10 17
60 cz 12 19
60 cz 21 28
60 cz 23 30
60 cz 25 32
60 cz 27 34
60 y_1_2 7
60 t 9
60 t 11
60 t 13
60 t 14
60 x_1_2 16
60 x_1_2 18
60 y_1_2 20
60 t 22
60 x_1_2 24
60 x_1_2 26
60 x_1_2 29
60 t 31
60 y_1_2 33
61 cz 1 2
61 cz 5 6
61 cz 10 11
61 cz 15 16
61 cz 19 20
61 cz 24 25
61 cz 29 30
61 cz 33 34
61 cz 38 39
61 x_1_2 8
61 x_1_2 12
61 x_1_2 17
61 t 21
61 t 23
61 y_1_2 27
61 t 28
61 t 32
62 cz 3 4
62 cz 8 9
62 cz 12 13
62 cz 17 18
62 cz 22 23
62 cz 26 27
62 cz 31 32
62 cz 36 37
62 cz 40 41
62 t 1
62 t 2
62 t 5
62 y_1_2 6
62 x_1_2 10
62 y_1_2 11
62 t 15
62 y_1_2 16
62 x_1_2 19
62 t 20
62 t 24
62 t 25
62 t 29
62 t 30
62 t 33
62 x_1_2 34
62 x_1_2 38
62 y_1_2 39
63 cz 0 7
63 cz 2 9
63 cz 4 11
63 cz 6 13
63 cz 15 22
63 cz 17 24
63 cz 19 26
63 cz 28 35
63 cz 30 37
63 cz 32 39
63 cz 34 41
63 x_1_2 3
63 t 8
63 t 12
63 t 18
63 y_1_2 23
63 t 27
63 y_1_2 31
63 x_1_2 36
63 y_1_2 40
64 cz 1 8
64 cz 3 10
64 cz 5 12
64 cz 14 21
64 cz 16 23
64 cz 18 25
64 cz 20 27
64 cz 29 36
64 cz 31 38
64 cz 33 40
64 t 0
64 y_1_2 2
64 t 4
64 x_1_2 6
64 x_1_2 7
64 y_1_2 9
64 t 11
64 x_1_2 13
64 x_1_2 15
64 y_1_2 17
64 y_1_2 19
64 y_1_2 22
64 y_1_2 24
64 y_1_2 26
64 x_1_2 28
64 x_1_2 30
64 x_1_2 32
64 t 34
64 y_1_2 35
64 t 37
64 t 39
64 y_1_2 41
65 cz 0 1
65 cz 4 5
65 cz 9 10
65 cz 14 15
65 cz 18 19
65 cz 23 24
65 cz 28 29
65 cz 32 33
65 cz 37 38
65 y_1_2 3
65 x_1_2 8
65 x_1_2 12
65 x_1_2 16
65 y_1_2 20
65 x_1_2 21
65 x_1_2 25
65 y_1_2 27
65 x_1_2 31
65 y_1_2 36
65 x_1_2 40
66 cz 2 3
66 cz 7 8
66 cz 11 12
66 cz 16 17
66 cz 21 22
66 cz 25 26
66 cz 30 31
66 cz 35 36
66 cz 39 40
66 y_1_2 0
66 x_1_2 1
66 y_1_2 4
66 x_1_2 5
66 x_1_2 9
66 y_1_2 10
66 y_1_2 14
66 t 15
66 y_1_2 18
66 t 19
66 x_1_2 23
66 x_1_2 24
66 y_1_2 28
66 y_1_2 29
66 y_1_2 32
66 y_1_2 33
66 x_1_2 37
66 t 38
67 cz 7 14
67 cz 9 16
67 cz 11 18
67 cz 13 20
67 cz 22 29
67 cz 24 31
67 cz 26 33
67 t 2
67 x_1_2 3
67 t 8
67 y_1_2 12
67 t 17
67 y_1_2 21
67 y_1_2 25
67 t 30
67 t 35
67 x_1_2 36
67 y_1_2 39
67 y_1_2 40
68 cz 8 15
68 cz 10 17
68 cz 12 19
68 cz 21 28
68 cz 23 30
68 cz 25 32
68 cz 27 34
68 y_1_2 7
68 t 9
68 x_1_2 11
68 y_1_2 13
68 t 14
68 y_1_2 16
68 t 18
68 x_1_2 20
68 t 22
68 y_1_2 24
68 t 26
68 t 29
68 t 31
68 t 33
69 cz 1 2
69 cz 5 6
69 cz 10 11
69 cz 15 16
69 cz 19 20
69 cz 24 25
69 cz 29 30
69 cz 33 34
69 cz 38 39
69 y_1_2 8
69 t 12
69 y_1_2 17
69 x_1_2 21
69 y_1_2 23
69 t 27
69 t 28
69 x_1_2 32
70 cz 3 4
70 cz 8 9
70 cz 12 13
70 cz 17 18
70 cz 22 23
70 cz 26 27
70 cz 31 32
70 cz 36 37
70 cz 40 41
70 y_1_2 1
70 y_1_2 2
70 t 5
70 y_1_2 6
70 t 10
70 t 11
70 y_1_2 15
70 x_1_2 16
70 x_1_2 19
70 y_1_2 20
70 t 24
70 x_1_2 25
70 y_1_2 29
70 y_1_2 30
70 y_1_2 33
70 x_1_2 34
70 y_1_2 38
70 x_1_2 39
71 cz 0 7
71 cz 2 9
71 cz 4 11
71 cz 6 13
71 cz 15 22
71 cz 17 24
71 cz 19 26
71 cz 28 35
71 cz 30 37
71 cz 32 39
71 cz 34 41
71 y_1_2 3
71 x_1_2 8
71 y_1_2 12
71 y_1_2 18
71 x_1_2 23
71 y_1_2 27
71 x_1_2 31
71 y_1_2 36
71 t 40
72 cz 1 8
72 cz 3 10
72 cz 5 12
72 cz 14 21
72 cz 16 23
72 cz 18 25
72 cz 20 27
72 cz 29 36
72 cz 31 38
72 cz 33 40
72 x_1_2 0
72 x_1_2 2
72 x_1_2 4
72 t 6
72 x_1_2 7
72 x_1_2 9
72 y_1_2 11
72 x_1_2 13
72 t 15
72 t 17
72 t 19
72 x_1_2 22
72 y_1_2 24
72 x_1_2 26
72 x_1_2 28
72 x_1_2 30
72 t 32
72 y_1_2 34
72 y_1_2 35
72 t 37
72 y_1_2 39
72 x_1_2 41
73 cz 0 1
73 cz 4 5
73 cz 9 10
73 cz 14 15
73 cz 18 19
73 cz 23 24
73 cz 28 29
73 cz 32 33
73 cz 37 38
73 t 3
73 y_1_2 8
73 t 12
73 t 16
73 x_1_2 20
73 y_1_2 21
73 t 25
73 x_1_2 27
73 y_1_2 31
73 t 36
73 y_1_2 40
74 cz 2 3
74 cz 7 8
74 cz 11 12
74 cz 16 17
74 cz 21 22
74 cz 25 26
74 cz 30 31
74 cz 35 36
74 cz 39 40
74 t 0
74 t 1
74 t 4
74 y_1_2 5
74 t 9
74 y_1_2 10
74 x_1_2 14
74 y_1_2 15
74 t 18
74 x_1_2 19
74 t 23
74 t 24
74 t 28
74 x_1_2 29
74 x_1_2 32
74 x_1_2 33
74 x_1_2 37
74 x_1_2 38
75 cz 7 14
75 cz 9 16
75 cz 11 18
75 cz 13 20
75 cz 22 29
75 cz 24 31
75 cz 26 33
75 y_1_2 2
75 x_1_2 3
75 t 8
75 x_1_2 12
75 y_1_2 17
75 x_1_2 21
75 x_1_2 25
75 t 30
75 t 35
75 x_1_2 36
75 x_1_2 39
75 x_1_2 40
76 cz 8 15
76 cz 10 17
76 cz 12 19
76 cz 21 28
76 cz 23 30
76 cz 25 32
76 cz 27 34
76 y_1_2 7
76 x_1_2 9
76 x_1_2 11
76 y_1_2 13
76 y_1_2 14
76 x_1_2 16
76 x_1_2 18
76 t 20
76 y_1_2 22
76 x_1_2 24
76 y_1_2 26
76 t 29
76 t 31
76 y_1_2 33
77 cz 1 2
77 cz 5 6
77 cz 10 11
77 cz 15 16
77 cz 19 20
77 cz 24 25
77 cz 29 30
77 cz 33 34
77 cz 38 39
77 y_1_2 8
77 y_1_2 12
77 t 17
77 t 21
77 x_1_2 23
77 t 27
77 y_1_2 28
77 t 32
78 cz 3 4
78 cz 8 9
78 cz 12 13
78 cz 17 18
78 cz 22 23
78 cz 26 27
78 cz 31 32
78 cz 36 37
78 cz 40 41
78 y_1_2 1
78 t 2
78 t 5
78 y_1_2 6
78 t 10
78 y_1_2 11
78 t 15
78 y_1_2 16
78 y_1_2 19
78 y_1_2 20
78 t 24
78 t 25
78 x_1_2 29
78 x_1_2 30
78 t 33
78 x_1_2 34
78 y_1_2 38
78 y_1_2 39
79 cz 0 7
79 cz 2 9
79 cz 4 11
79 cz 6 13
79 cz 15 22
79 cz 17 24
79 cz 19 26
79 cz 28 35
79 cz 30 37
79 cz 32 39
79 cz 34 41
79 y_1_2 3
79 x_1_2 8
79 x_1_2 12
79 y_1_2 18
79 y_1_2 23
79 y_1_2 27
79 x_1_2 31
79 y_1_2 36
79 y_1_2 40
80 cz 1 8
80 cz 3 10
80 cz 5 12
80 cz 14 21
80 cz 16 23
80 cz 18 25
80 cz 20 27
80 cz 29 36
80 cz 31 38
80 cz 33 40
80 y_1_2 0
80 y_1_2 2
80 y_1_2 4
80 x_1_2 6
80 t 7
80 y_1_2 9
80 t 11
80 t 13
80 x_1_2 15
80 y_1_2 17
80 x_1_2 19
80 t 22
80 y_1_2 24
80 x_1_2 26
80 x_1_2 28
80 t 30
80 x_1_2 32
80 t 34
80 y_1_2 35
80 t 37
80 t 39
80 y_1_2 41
81 cz 0 1
81 cz 4 5
81 cz 9 10
81 cz 14 15
81 cz 18 19
81 cz 23 24
81 cz 28 29
81 cz 32 33
81 cz 37 38
81 x_1_2 3
81 t 8
81 t 12
81 t 16
81 t 20
81 x_1_2 21
81 x_1_2 25
81 x_1_2 27
81 t 31
81 x_1_2 36
81 x_1_2 40
82 cz 2 3
82 cz 7 8
82 cz 11 12
82 cz 16 17
82 cz 21 22
82 cz 25 26
82 cz 30 31
82 cz 35 36
82 cz 39 40
82 x_1_2 0
82 t 1
82 x_1_2 4
82 y_1_2 5
82 t 9
82 x_1_2 10
82 t 14
82 t 15
82 t 18
82 t 19
82 t 23
82 x_1_2 24
82 t 28
82 t 29
82 t 32
82 y_1_2 33
82 x_1_2 37
82 t 38
83 cz 7 14
83 cz 9 16
83 cz 11 18
83 cz 13 20
83 cz 22 29
83 cz 24 31
83 cz 26 33
83 x_1_2 2
83 y_1_2 3
83 x_1_2 8
83 x_1_2 12
83 t 17
83 y_1_2 21
83 y_1_2 25
83 x_1_2 30
83 x_1_2 35
83 y_1_2 36
83 x_1_2 39
83 t 40
84 cz 8 15
84 cz 10 17
84 cz 12 19
84 cz 21 28
84 cz 23 30
84 cz 25 32
84 cz 27 34
84 x_1_2 7
84 y_1_2 9
84 x_1_2 11
84 y_1_2 13
84 y_1_2 14
84 x_1_2 16
84 x_1_2 18
84 y_1_2 20
84 x_1_2 22
84 t 24
84 t 26
84 y_1_2 29
84 y_1_2 31
84 t 33
85 cz 1 2
85 cz 5 6
85 cz 10 11
85 cz 15 16
85 cz 19 20
85 cz 24 25
85 cz 29 30
85 cz 33 34
85 cz 38 39
85 y_1_2 8
85 y_1_2 12
85 x_1_2 17
85 x_1_2 21
85 x_1_2 23
85 t 27
85 y_1_2 28
85 x_1_2 32
86 cz 3 4
86 cz 8 9
86 cz 12 13
86 cz 17 18
86 cz 22 23
86 cz 26 27
86 cz 31 32
86 cz 36 37
86 cz 40 41
86 x_1_2 1
86 y_1_2 2
86 t 5
86 t 6
86 y_1_2 10
86 t 11
86 y_1_2 15
86 t 16
86 x_1_2 19
86 x_1_2 20
86 x_1_2 24
86 x_1_2 25
86 t 29
86 t 30
86 x_1_2 33
86 y_1_2 34
86 x_1_2 38
86 y_1_2 39
87 cz 0 7
87 cz 2 9
87 cz 4 11
87 cz 6 13
87 cz 15 22
87 cz 17 24
87 cz 19 26
87 cz 28 35
87 cz 30 37
87 cz 32 39
87 cz 34 41
87 t 3
87 t 8
87 x_1_2 12
87 y_1_2 18
87 y_1_2 23
87 x_1_2 27
87 x_1_2 31
87 t 36
87 y_1_2 40
88 cz 1 8
88 cz 3 10
88 cz 5 12
88 cz 14 21
88 cz 16 23
88 cz 18 25
88 cz 20 27
88 cz 29 36
88 cz 31 38
88 cz 33 40
88 t 0
88 t 2
88 t 4
88 x_1_2 6
88 t 7
88 x_1_2 9
88 x_1_2 11
88 t 13
88 t 15
88 y_1_2 17
88 t 19
88 t 22
88 t 24
88 y_1_2 26
88 x_1_2 28
88 x_1_2 30
88 y_1_2 32
88 t 34
88 t 35
88 y_1_2 37
88 t 39
88 t 41
89 cz 0 1
89 cz 4 5
89 cz 9 10
89 cz 14 15
89 cz 18 19
89 cz 23 24
89 cz 28 29
89 cz 32 33
89 cz 37 38
89 y_1_2 3
89 y_1_2 8
89 t 12
89 y_1_2 16
89 t 20
89 t 21
89 t 25
89 y_1_2 27
89 y_1_2 31
89 y_1_2 36
89 t 40
90 cz 2 3
90 cz 7 8
90 cz 11 12
90 cz 16 17
90 cz 21 22
90 cz 25 26
90 cz 30 31
90 cz 35 36
90 cz 39 40
90 x_1_2 0
90 y_1_2 1
90 y_1_2 4
90 x_1_2 5
90 y_1_2 9
90 t 10
90 t 14
90 y_1_2 15
90 x_1_2 18
90 x_1_2 19
90 x_1_2 23
90 x_1_2 24
90 t 28
90 y_1_2 29
90 x_1_2 32
90 y_1_2 33
90 t 37
90 t 38
91 cz 7 14
91 cz 9 16
91 cz 11 18
91 cz 13 20
91 cz 22 29
91 cz 24 31
91 cz 26 33
91 x_1_2 2
91 t 3
91 x_1_2 8
91 y_1_2 12
91 x_1_2 17
91 y_1_2 21
91 x_1_2 25
91 y_1_2 30
91 y_1_2 35
91 t 36
91 x_1_2 39
91 x_1_2 40
92 cz 8 15
92 cz 10 17
92 cz 12 19
92 cz 21 28
92 cz 23 30
92 cz 25 32
92 cz 27 34
92 y_1_2 7
92 t 9
92 t 11
92 y_1_2 13
92 x_1_2 14
92 t 16
92 y_1_2 18
92 y_1_2 20
92 y_1_2 22
92 t 24
92 t 26
92 x_1_2 29
92 t 31
92 x_1_2 33
93 cz 1 2
93 cz 5 6
93 cz 10 11
93 cz 15 16
93 cz 19 20
93 cz 24 25
93 cz 29 30
93 cz 33 34
93 cz 38 39
93 y_1_2 8
93 t 12
93 t 17
93 t 21
93 y_1_2 23
93 t 27
93 x_1_2 28
93 t 32
94 cz 3 4
94 cz 8 9
94 cz 12 13
94 cz 17 18
94 cz 22 23
94 cz 26 27
94 cz 31 32
94 cz 36 37
94 cz 40 41
94 x_1_2 1
94 y_1_2 2
94 y_1_2 5
94 t 6
94 x_1_2 10
94 y_1_2 11
94 t 15
94 x_1_2 16
94 t 19
94 t 20
94 x_1_2 24
94 y_1_2 25
94 y_1_2 29
94 x_1_2 30
94 t 33
94 y_1_2 34
94 y_1_2 38
94 t 39
95 cz 0 7
95 cz 2 9
95 cz 4 11
95 cz 6 13
95 cz 15 22
95 cz 17 24
95 cz 19 26
95 cz 28 35
95 cz 30 37
95 cz 32 39
95 cz 34 41
95 y_1_2 3
95 t 8
95 x_1_2 12
95 x_1_2 18
95 t 23
95 y_1_2 27
95 y_1_2 31
95 y_1_2 36
95 y_1_2 40
96 cz 1 8
96 cz 3 10
96 cz 5 12
96 cz 14 21
96 cz 16 23
96 cz 18 25
96 cz 20 27
96 cz 29 36
96 cz 31 38
96 cz 33 40
96 y_1_2 0
96 t 2
96 t 4
96 x_1_2 6
96 t 7
96 y_1_2 9
96 t 11
96 t 13
96 x_1_2 15
96 y_1_2 17
96 y_1_2 19
96 t 22
96 y_1_2 24
96 x_1_2 26
96 t 28
96 y_1_2 30
96 x_1_2 32
96 x_1_2 34
96 x_1_2 35
96 x_1_2 37
96 y_1_2 39
96 y_1_2 41
97 cz 0 1
97 cz 4 5
97 cz 9 10
97 cz 14 15
97 cz 18 19
97 cz 23 24
97 cz 28 29
97 cz 32 33
97 cz 37 38
97 t 3
97 x_1_2 8
97 t 12
97 t 16
97 x_1_2 20
97 y_1_2 21
97 t 25
97 x_1_2 27
97 x_1_2 31
97 x_1_2 36
97 t 40
98 cz 2 3
98 cz 7 8
98 cz 11 12
98 cz 16 17
98 cz 21 22
98 cz 25 26
98 cz 30 31
98 cz 35 36
98 cz 39 40
98 x_1_2 0
98 y_1_2 1
98 x_1_2 4
98 t 5
98 t 9
98 t 10
98 y_1_2 14
98 y_1_2 15
98 t 18
98 t 19
98 x_1_2 23
98 t 24
98 x_1_2 28
98 t 29
98 y_1_2 32
98 y_1_2 33
98 t 37
98 t 38
99 cz 7 14
99 cz 9 16
99 cz 11 18
99 cz 13 20
99 cz 22 29
99 cz 24 31
99 cz 26 33
99 y_1_2 2
99 y_1_2 3
99 t 8
99 x_1_2 12
99 x_1_2 17
99 t 21
99 y_1_2 25
99 t 30
99 y_1_2 35
99 t 36
99 t 39
99 x_1_2 40
100 cz 8 15
100 cz 10 17
100 cz 12 19
100 cz 21 28
100 cz 23 30
100 cz 25 32
100 cz 27 34
100 x_1_2 7
100 y_1_2 9
100 x_1_2 11
100 y_1_2 13
100 t 14
100 y_1_2 16
100 x_1_2 18
100 y_1_2 20
100 y_1_2 22
100 y_1_2 24
100 y_1_2 26
100 y_1_2 29
100 y_1_2 31
100 t 33
