64
0 h 0
0 h 1
0 h 2
0 h 3
0 h 4
0 h 5
0 h 6
0 h 7
0 h 8
0 h 9
0 h 10
0 h 11
0 h 12
0 h 13
0 h 14
0 h 15
0 h 16
0 h 17
0 h 18
0 h 19
0 h 20
0 h 21
0 h 22
0 h 23
0 h 24
0 h 25
0 h 26
0 h 27
0 h 28
0 h 29
0 h 30
0 h 31
0 h 32
0 h 33
0 h 34
0 h 35
0 h 36
0 h 37
0 h 38
0 h 39
0 h 40
0 h 41
0 h 42
0 h 43
0 h 44
0 h 45
0 h 46
0 h 47
0 h 48
0 h 49
0 h 50
0 h 51
0 h 52
0 h 53
0 h 54
0 h 55
0 h 56
0 h 57
0 h 58
0 h 59
0 h 60
0 h 61
0 h 62
0 h 63
1 cz 0 1
1 cz 4 5
1 cz 10 11
1 cz 14 15
1 cz 16 17
1 cz 20 21
1 cz 26 27
1 cz 30 31
1 cz 32 33
1 cz 36 37
1 cz 42 43
1 cz 46 47
1 cz 48 49
1 cz 52 53
1 cz 58 59
1 cz 62 63
2 cz 2 3
2 cz 6 7
2 cz 8 9
2 cz 12 13
2 cz 18 19
2 cz 22 23
2 cz 24 25
2 cz 28 29
2 cz 34 35
2 cz 38 39
2 cz 40 41
2 cz 44 45
2 cz 50 51
2 cz 54 55
2 cz 56 57
2 cz 60 61
2 t 0
2 t 1
2 t 4
2 t 5
2 t 10
2 t 11
2 t 14
2 t 15
2 t 16
2 t 17
2 t 20
2 t 21
2 t 26
2 t 27
2 t 30
2 t 31
2 t 32
2 t 33
2 t 36
2 t 37
2 t 42
2 t 43
2 t 46
2 t 47
2 t 48
2 t 49
2 t 52
2 t 53
2 t 58
2 t 59
2 t 62
2 t 63
3 cz 8 16
3 cz 10 18
3 cz 12 20
3 cz 14 22
3 cz 25 33
3 cz 27 35
3 cz 29 37
3 cz 31 39
3 cz 40 48
3 cz 42 50
3 cz 44 52
3 cz 46 54
3 t 2
3 t 3
3 t 6
3 t 7
3 t 9
3 t 13
3 t 19
3 t 23
3 t 24
3 t 28
3 t 34
3 t 38
3 t 41
3 t 45
3 t 51
3 t 55
3 t 56
3 t 57
3 t 60
3 t 61
4 cz 9 17
4 cz 11 19
4 cz 13 21
4 cz 15 23
4 cz 24 32
4 cz 26 34
4 cz 28 36
4 cz 30 38
4 cz 41 49
4 cz 43 51
4 cz 45 53
4 cz 47 55
4 t 8
4 x_1_2 10
4 t 12
4 y_1_2 14
4 y_1_2 16
4 t 18
4 x_1_2 20
4 t 22
4 t 25
4 y_1_2 27
4 t 29
4 y_1_2 31
4 y_1_2 33
4 t 35
4 y_1_2 37
4 t 39
4 t 40
4 y_1_2 42
4 t 44
4 y_1_2 46
4 y_1_2 48
4 t 50
4 x_1_2 52
4 t 54
5 cz 1 2
5 cz 5 6
5 cz 11 12
5 cz 17 18
5 cz 21 22
5 cz 27 28
5 cz 33 34
5 cz 37 38
5 cz 43 44
5 cz 49 50
5 cz 53 54
5 cz 59 60
5 x_1_2 9
5 y_1_2 13
5 x_1_2 15
5 x_1_2 19
5 x_1_2 23
5 x_1_2 24
5 x_1_2 26
5 y_1_2 30
5 x_1_2 32
5 y_1_2 36
5 y_1_2 41
5 x_1_2 45
5 x_1_2 47
5 y_1_2 51
5 y_1_2 55
6 cz 3 4
6 cz 9 10
6 cz 13 14
6 cz 19 20
6 cz 25 26
6 cz 29 30
6 cz 35 36
6 cz 41 42
6 cz 45 46
6 cz 51 52
6 cz 57 58
6 cz 61 62
6 y_1_2 1
6 y_1_2 2
6 x_1_2 5
6 y_1_2 6
6 x_1_2 11
6 y_1_2 12
6 x_1_2 17
6 y_1_2 18
6 y_1_2 21
6 x_1_2 22
6 t 27
6 y_1_2 28
6 x_1_2 33
6 x_1_2 34
6 t 37
6 x_1_2 38
6 y_1_2 43
6 y_1_2 44
6 y_1_2 49
6 y_1_2 50
6 y_1_2 53
6 x_1_2 54
6 y_1_2 59
6 x_1_2 60
7 cz 0 8
7 cz 2 10
7 cz 4 12
7 cz 6 14
7 cz 17 25
7 cz 19 27
7 cz 21 29
7 cz 23 31
7 cz 32 40
7 cz 34 42
7 cz 36 44
7 cz 38 46
7 cz 49 57
7 cz 51 59
7 cz 53 61
7 cz 55 63
7 y_1_2 3
7 t 9
7 t 13
7 t 20
7 y_1_2 26
7 t 30
7 x_1_2 35
7 x_1_2 41
7 t 45
7 t 52
7 x_1_2 58
7 y_1_2 62
8 cz 1 9
8 cz 3 11
8 cz 5 13
8 cz 7 15
8 cz 16 24
8 cz 18 26
8 cz 20 28
8 cz 22 30
8 cz 33 41
8 cz 35 43
8 cz 37 45
8 cz 39 47
8 cz 48 56
8 cz 50 58
8 cz 52 60
8 cz 54 62
8 x_1_2 0
8 t 2
8 x_1_2 4
8 x_1_2 6
8 x_1_2 8
8 y_1_2 10
8 x_1_2 12
8 t 14
8 t 17
8 y_1_2 19
8 x_1_2 21
8 y_1_2 23
8 y_1_2 25
8 y_1_2 27
8 x_1_2 29
8 t 31
8 y_1_2 32
8 y_1_2 34
8 t 36
8 y_1_2 38
8 y_1_2 40
8 t 42
8 t 44
8 t 46
8 t 49
8 t 51
8 x_1_2 53
8 t 55
8 y_1_2 57
8 x_1_2 59
8 x_1_2 61
8 y_1_2 63
9 cz 0 1
9 cz 4 5
9 cz 10 11
9 cz 14 15
9 cz 16 17
9 cz 20 21
9 cz 26 27
9 cz 30 31
9 cz 32 33
9 cz 36 37
9 cz 42 43
9 cz 46 47
9 cz 48 49
9 cz 52 53
9 cz 58 59
9 cz 62 63
9 x_1_2 3
9 x_1_2 7
9 y_1_2 9
9 y_1_2 13
9 x_1_2 18
9 t 22
9 y_1_2 24
9 x_1_2 28
9 t 35
9 x_1_2 39
9 y_1_2 41
9 x_1_2 45
9 t 50
9 t 54
9 x_1_2 56
9 t 60
10 cz 2 3
10 cz 6 7
10 cz 8 9
10 cz 12 13
10 cz 18 19
10 cz 22 23
10 cz 24 25
10 cz 28 29
10 cz 34 35
10 cz 38 39
10 cz 40 41
10 cz 44 45
10 cz 50 51
10 cz 54 55
10 cz 56 57
10 cz 60 61
10 y_1_2 0
10 x_1_2 1
10 y_1_2 4
10 y_1_2 5
10 x_1_2 10
10 t 11
10 x_1_2 14
10 t 15
10 x_1_2 16
10 y_1_2 17
10 y_1_2 20
10 t 21
10 t 26
10 t 27
10 x_1_2 30
10 y_1_2 31
10 t 32
10 t 33
10 y_1_2 36
10 x_1_2 37
10 y_1_2 42
10 t 43
10 x_1_2 46
10 y_1_2 47
10 t 48
10 x_1_2 49
10 x_1_2 52
10 y_1_2 53
10 y_1_2 58
10 t 59
10 t 62
10 x_1_2 63
11 cz 8 16
11 cz 10 18
11 cz 12 20
11 cz 14 22
11 cz 25 33
11 cz 27 35
11 cz 29 37
11 cz 31 39
11 cz 40 48
11 cz 42 50
11 cz 44 52
11 cz 46 54
11 x_1_2 2
11 t 3
11 y_1_2 6
11 t 7
11 t 9
11 t 13
11 t 19
11 x_1_2 23
11 x_1_2 24
11 y_1_2 28
11 t 34
11 x_1_2 38
11 t 41
11 t 45
11 y_1_2 51
11 x_1_2 55
11 t 56
11 x_1_2 57
11 x_1_2 60
11 t 61
12 cz 9 17
12 cz 11 19
12 cz 13 21
12 cz 15 23
12 cz 24 32
12 cz 26 34
12 cz 28 36
12 cz 30 38
12 cz 41 49
12 cz 43 51
12 cz 45 53
12 cz 47 55
12 y_1_2 8
12 t 10
12 t 12
12 y_1_2 14
12 y_1_2 16
12 t 18
12 x_1_2 20
12 y_1_2 22
12 x_1_2 25
12 y_1_2 27
12 y_1_2 29
12 t 31
12 x_1_2 33
12 y_1_2 35
12 y_1_2 37
12 y_1_2 39
12 x_1_2 40
12 t 42
12 x_1_2 44
12 t 46
12 x_1_2 48
12 y_1_2 50
12 y_1_2 52
12 x_1_2 54
13 cz 1 2
13 cz 5 6
13 cz 11 12
13 cz 17 18
13 cz 21 22
13 cz 27 28
13 cz 33 34
13 cz 37 38
13 cz 43 44
13 cz 49 50
13 cz 53 54
13 cz 59 60
13 x_1_2 9
13 x_1_2 13
13 x_1_2 15
13 y_1_2 19
13 y_1_2 23
13 y_1_2 24
13 y_1_2 26
13 y_1_2 30
13 x_1_2 32
13 x_1_2 36
13 y_1_2 41
13 x_1_2 45
13 x_1_2 47
13 t 51
13 y_1_2 55
14 cz 3 4
14 cz 9 10
14 cz 13 14
14 cz 19 20
14 cz 25 26
14 cz 29 30
14 cz 35 36
14 cz 41 42
14 cz 45 46
14 cz 51 52
14 cz 57 58
14 cz 61 62
14 t 1
14 y_1_2 2
14 x_1_2 5
14 t 6
14 y_1_2 11
14 x_1_2 12
14 x_1_2 17
14 x_1_2 18
14 y_1_2 21
14 t 22
14 x_1_2 27
14 x_1_2 28
14 y_1_2 33
14 x_1_2 34
14 x_1_2 37
14 t 38
14 x_1_2 43
14 t 44
14 y_1_2 49
14 x_1_2 50
14 x_1_2 53
14 t 54
14 y_1_2 59
14 t 60
15 cz 0 8
15 cz 2 10
15 cz 4 12
15 cz 6 14
15 cz 17 25
15 cz 19 27
15 cz 21 29
15 cz 23 31
15 cz 32 40
15 cz 34 42
15 cz 36 44
15 cz 38 46
15 cz 49 57
15 cz 51 59
15 cz 53 61
15 cz 55 63
15 x_1_2 3
15 y_1_2 9
15 t 13
15 t 20
15 t 26
15 t 30
15 x_1_2 35
15 x_1_2 41
15 y_1_2 45
15 t 52
15 t 58
15 x_1_2 62
16 cz 1 9
16 cz 3 11
16 cz 5 13
16 cz 7 15
16 cz 16 24
16 cz 18 26
16 cz 20 28
16 cz 22 30
16 cz 33 41
16 cz 35 43
16 cz 37 45
16 cz 39 47
16 cz 48 56
16 cz 50 58
16 cz 52 60
16 cz 54 62
16 t 0
16 x_1_2 2
16 x_1_2 4
16 y_1_2 6
16 x_1_2 8
16 y_1_2 10
16 t 12
16 t 14
16 t 17
16 x_1_2 19
16 x_1_2 21
16 x_1_2 23
16 t 25
16 t 27
16 t 29
16 x_1_2 31
16 t 32
16 t 34
16 t 36
16 y_1_2 38
16 y_1_2 40
16 x_1_2 42
16 y_1_2 44
16 y_1_2 46
16 x_1_2 49
16 x_1_2 51
16 y_1_2 53
16 t 55
16 t 57
16 x_1_2 59
16 y_1_2 61
16 t 63
17 cz 0 1
17 cz 4 5
17 cz 10 11
17 cz 14 15
17 cz 16 17
17 cz 20 21
17 cz 26 27
17 cz 30 31
17 cz 32 33
17 cz 36 37
17 cz 42 43
17 cz 46 47
17 cz 48 49
17 cz 52 53
17 cz 58 59
17 cz 62 63
17 t 3
17 y_1_2 7
17 t 9
17 x_1_2 13
17 y_1_2 18
17 x_1_2 22
17 t 24
17 y_1_2 28
17 t 35
17 x_1_2 39
17 t 41
17 t 45
17 y_1_2 50
17 x_1_2 54
17 x_1_2 56
17 y_1_2 60
18 cz 2 3
18 cz 6 7
18 cz 8 9
18 cz 12 13
18 cz 18 19
18 cz 22 23
18 cz 24 25
18 cz 28 29
18 cz 34 35
18 cz 38 39
18 cz 40 41
18 cz 44 45
18 cz 50 51
18 cz 54 55
18 cz 56 57
18 cz 60 61
18 x_1_2 0
18 x_1_2 1
18 t 4
18 t 5
18 t 10
18 t 11
18 x_1_2 14
18 t 15
18 x_1_2 16
18 x_1_2 17
18 x_1_2 20
18 y_1_2 21
18 y_1_2 26
18 y_1_2 27
18 y_1_2 30
18 y_1_2 31
18 y_1_2 32
18 x_1_2 33
18 x_1_2 36
18 t 37
18 t 42
18 t 43
18 t 46
18 t 47
18 t 48
18 y_1_2 49
18 x_1_2 52
18 t 53
18 y_1_2 58
18 t 59
18 t 62
18 y_1_2 63
19 cz 8 16
19 cz 10 18
19 cz 12 20
19 cz 14 22
19 cz 25 33
19 cz 27 35
19 cz 29 37
19 cz 31 39
19 cz 40 48
19 cz 42 50
19 cz 44 52
19 cz 46 54
19 t 2
19 y_1_2 3
19 t 6
19 t 7
19 y_1_2 9
19 y_1_2 13
19 y_1_2 19
19 y_1_2 23
19 x_1_2 24
19 t 28
19 y_1_2 34
19 t 38
19 x_1_2 41
19 y_1_2 45
19 t 51
19 y_1_2 55
19 t 56
19 y_1_2 57
19 t 60
19 t 61
20 cz 9 17
20 cz 11 19
20 cz 13 21
20 cz 15 23
20 cz 24 32
20 cz 26 34
20 cz 28 36
20 cz 30 38
20 cz 41 49
20 cz 43 51
20 cz 45 53
20 cz 47 55
20 y_1_2 8
20 x_1_2 10
20 x_1_2 12
20 y_1_2 14
20 t 16
20 t 18
20 y_1_2 20
20 t 22
20 x_1_2 25
20 x_1_2 27
20 y_1_2 29
20 x_1_2 31
20 t 33
20 x_1_2 35
20 y_1_2 37
20 y_1_2 39
20 x_1_2 40
20 x_1_2 42
20 x_1_2 44
20 y_1_2 46
20 y_1_2 48
20 t 50
20 y_1_2 52
20 t 54
21 cz 1 2
21 cz 5 6
21 cz 11 12
21 cz 17 18
21 cz 21 22
21 cz 27 28
21 cz 33 34
21 cz 37 38
21 cz 43 44
21 cz 49 50
21 cz 53 54
21 cz 59 60
21 x_1_2 9
21 t 13
21 x_1_2 15
21 x_1_2 19
21 x_1_2 23
21 y_1_2 24
21 t 26
21 t 30
21 t 32
21 y_1_2 36
21 t 41
21 x_1_2 45
21 x_1_2 47
21 y_1_2 51
21 t 55
22 cz 3 4
22 cz 9 10
22 cz 13 14
22 cz 19 20
22 cz 25 26
22 cz 29 30
22 cz 35 36
22 cz 41 42
22 cz 45 46
22 cz 51 52
22 cz 57 58
22 cz 61 62
22 t 1
22 x_1_2 2
22 y_1_2 5
22 y_1_2 6
22 x_1_2 11
22 t 12
22 y_1_2 17
22 y_1_2 18
22 t 21
22 x_1_2 22
22 y_1_2 27
22 y_1_2 28
22 y_1_2 33
22 x_1_2 34
22 t 37
22 y_1_2 38
22 y_1_2 43
22 t 44
22 t 49
22 y_1_2 50
22 x_1_2 53
22 x_1_2 54
22 y_1_2 59
22 x_1_2 60
23 cz 0 8
23 cz 2 10
23 cz 4 12
23 cz 6 14
23 cz 17 25
23 cz 19 27
23 cz 21 29
23 cz 23 31
23 cz 32 40
23 cz 34 42
23 cz 36 44
23 cz 38 46
23 cz 49 57
23 cz 51 59
23 cz 53 61
23 cz 55 63
23 t 3
23 y_1_2 9
23 x_1_2 13
23 t 20
23 y_1_2 26
23 y_1_2 30
23 t 35
23 y_1_2 41
23 y_1_2 45
23 t 52
23 t 58
23 y_1_2 62
24 cz 1 9
24 cz 3 11
24 cz 5 13
24 cz 7 15
24 cz 16 24
24 cz 18 26
24 cz 20 28
24 cz 22 30
24 cz 33 41
24 cz 35 43
24 cz 37 45
24 cz 39 47
24 cz 48 56
24 cz 50 58
24 cz 52 60
24 cz 54 62
24 y_1_2 0
24 y_1_2 2
24 y_1_2 4
24 t 6
24 x_1_2 8
24 t 10
24 y_1_2 12
24 t 14
24 x_1_2 17
24 y_1_2 19
24 x_1_2 21
24 t 23
24 y_1_2 25
24 x_1_2 27
24 x_1_2 29
24 y_1_2 31
24 x_1_2 32
24 y_1_2 34
24 t 36
24 t 38
24 t 40
24 y_1_2 42
24 x_1_2 44
24 t 46
24 y_1_2 49
24 t 51
24 y_1_2 53
24 y_1_2 55
24 x_1_2 57
24 t 59
24 x_1_2 61
24 t 63
25 cz 0 1
25 cz 4 5
25 cz 10 11
25 cz 14 15
25 cz 16 17
25 cz 20 21
25 cz 26 27
25 cz 30 31
25 cz 32 33
25 cz 36 37
25 cz 42 43
25 cz 46 47
25 cz 48 49
25 cz 52 53
25 cz 58 59
25 cz 62 63
25 y_1_2 3
25 y_1_2 7
25 x_1_2 9
25 t 13
25 x_1_2 18
25 y_1_2 22
25 t 24
25 x_1_2 28
25 y_1_2 35
25 x_1_2 39
25 x_1_2 41
25 t 45
25 x_1_2 50
25 y_1_2 54
25 x_1_2 56
25 y_1_2 60
26 cz 2 3
26 cz 6 7
26 cz 8 9
26 cz 12 13
26 cz 18 19
26 cz 22 23
26 cz 24 25
26 cz 28 29
26 cz 34 35
26 cz 38 39
26 cz 40 41
26 cz 44 45
26 cz 50 51
26 cz 54 55
26 cz 56 57
26 cz 60 61
26 x_1_2 0
26 x_1_2 1
26 x_1_2 4
26 x_1_2 5
26 x_1_2 10
26 t 11
26 x_1_2 14
26 t 15
26 y_1_2 16
26 y_1_2 17
26 y_1_2 20
26 t 21
26 t 26
26 y_1_2 27
26 x_1_2 30
26 t 31
26 t 32
26 t 33
26 y_1_2 36
26 x_1_2 37
26 t 42
26 x_1_2 43
26 y_1_2 46
26 y_1_2 47
26 x_1_2 48
26 x_1_2 49
26 x_1_2 52
26 t 53
26 y_1_2 58
26 y_1_2 59
26 t 62
26 y_1_2 63
27 cz 8 16
27 cz 10 18
27 cz 12 20
27 cz 14 22
27 cz 25 33
27 cz 27 35
27 cz 29 37
27 cz 31 39
27 cz 40 48
27 cz 42 50
27 cz 44 52
27 cz 46 54
27 x_1_2 2
27 t 3
27 x_1_2 6
27 t 7
27 y_1_2 9
27 y_1_2 13
27 x_1_2 19
27 y_1_2 23
27 y_1_2 24
27 y_1_2 28
27 x_1_2 34
27 x_1_2 38
27 t 41
27 y_1_2 45
27 y_1_2 51
27 x_1_2 55
27 y_1_2 56
27 t 57
27 x_1_2 60
27 y_1_2 61
28 cz 9 17
28 cz 11 19
28 cz 13 21
28 cz 15 23
28 cz 24 32
28 cz 26 34
28 cz 28 36
28 cz 30 38
28 cz 41 49
28 cz 43 51
28 cz 45 53
28 cz 47 55
28 t 8
28 y_1_2 10
28 x_1_2 12
28 y_1_2 14
28 t 16
28 y_1_2 18
28 t 20
28 x_1_2 22
28 t 25
28 x_1_2 27
28 t 29
28 y_1_2 31
28 x_1_2 33
28 x_1_2 35
28 t 37
28 y_1_2 39
28 y_1_2 40
28 x_1_2 42
28 t 44
28 x_1_2 46
28 y_1_2 48
28 y_1_2 50
28 y_1_2 52
28 t 54
29 cz 1 2
29 cz 5 6
29 cz 11 12
29 cz 17 18
29 cz 21 22
29 cz 27 28
29 cz 33 34
29 cz 37 38
29 cz 43 44
29 cz 49 50
29 cz 53 54
29 cz 59 60
29 t 9
29 x_1_2 13
29 y_1_2 15
29 y_1_2 19
29 t 23
29 t 24
29 x_1_2 26
29 t 30
29 x_1_2 32
29 x_1_2 36
29 x_1_2 41
29 x_1_2 45
29 x_1_2 47
29 t 51
29 t 55
30 cz 3 4
30 cz 9 10
30 cz 13 14
30 cz 19 20
30 cz 25 26
30 cz 29 30
30 cz 35 36
30 cz 41 42
30 cz 45 46
30 cz 51 52
30 cz 57 58
30 cz 61 62
30 y_1_2 1
30 y_1_2 2
30 y_1_2 5
30 y_1_2 6
30 y_1_2 11
30 t 12
30 x_1_2 17
30 x_1_2 18
30 y_1_2 21
30 y_1_2 22
30 t 27
30 t 28
30 t 33
30 t 34
30 y_1_2 37
30 t 38
30 t 43
30 y_1_2 44
30 t 49
30 t 50
30 y_1_2 53
30 x_1_2 54
30 x_1_2 59
30 t 60
31 cz 0 8
31 cz 2 10
31 cz 4 12
31 cz 6 14
31 cz 17 25
31 cz 19 27
31 cz 21 29
31 cz 23 31
31 cz 32 40
31 cz 34 42
31 cz 36 44
31 cz 38 46
31 cz 49 57
31 cz 51 59
31 cz 53 61
31 cz 55 63
31 y_1_2 3
31 y_1_2 9
31 t 13
31 x_1_2 20
31 y_1_2 26
31 y_1_2 30
31 y_1_2 35
31 y_1_2 41
31 t 45
31 x_1_2 52
31 t 58
31 x_1_2 62
32 cz 1 9
32 cz 3 11
32 cz 5 13
32 cz 7 15
32 cz 16 24
32 cz 18 26
32 cz 20 28
32 cz 22 30
32 cz 33 41
32 cz 35 43
32 cz 37 45
32 cz 39 47
32 cz 48 56
32 cz 50 58
32 cz 52 60
32 cz 54 62
32 t 0
32 x_1_2 2
32 y_1_2 4
32 t 6
32 x_1_2 8
32 x_1_2 10
32 x_1_2 12
32 x_1_2 14
32 y_1_2 17
32 t 19
32 x_1_2 21
32 y_1_2 23
32 x_1_2 25
32 x_1_2 27
32 y_1_2 29
32 t 31
32 t 32
32 y_1_2 34
32 y_1_2 36
32 x_1_2 38
32 t 40
32 y_1_2 42
32 t 44
32 t 46
32 y_1_2 49
32 y_1_2 51
32 x_1_2 53
32 x_1_2 55
32 y_1_2 57
32 y_1_2 59
32 x_1_2 61
32 t 63
33 cz 0 1
33 cz 4 5
33 cz 10 11
33 cz 14 15
33 cz 16 17
33 cz 20 21
33 cz 26 27
33 cz 30 31
33 cz 32 33
33 cz 36 37
33 cz 42 43
33 cz 46 47
33 cz 48 49
33 cz 52 53
33 cz 58 59
33 cz 62 63
33 t 3
33 y_1_2 7
33 x_1_2 9
33 x_1_2 13
33 y_1_2 18
33 t 22
33 y_1_2 24
33 x_1_2 28
33 t 35
33 x_1_2 39
33 x_1_2 41
33 x_1_2 45
33 y_1_2 50
33 t 54
33 x_1_2 56
33 y_1_2 60
34 cz 2 3
34 cz 6 7
34 cz 8 9
34 cz 12 13
34 cz 18 19
34 cz 22 23
34 cz 24 25
34 cz 28 29
34 cz 34 35
34 cz 38 39
34 cz 40 41
34 cz 44 45
34 cz 50 51
34 cz 54 55
34 cz 56 57
34 cz 60 61
34 x_1_2 0
34 t 1
34 x_1_2 4
34 x_1_2 5
34 t 10
34 x_1_2 11
34 y_1_2 14
34 x_1_2 15
34 x_1_2 16
34 x_1_2 17
34 t 20
34 t 21
34 t 26
34 t 27
34 t 30
34 y_1_2 31
34 y_1_2 32
34 y_1_2 33
34 x_1_2 36
34 x_1_2 37
34 x_1_2 42
34 x_1_2 43
34 y_1_2 46
34 t 47
34 t 48
34 t 49
34 y_1_2 52
34 t 53
34 x_1_2 58
34 x_1_2 59
34 t 62
34 y_1_2 63
35 cz 8 16
35 cz 10 18
35 cz 12 20
35 cz 14 22
35 cz 25 33
35 cz 27 35
35 cz 29 37
35 cz 31 39
35 cz 40 48
35 cz 42 50
35 cz 44 52
35 cz 46 54
35 t 2
35 x_1_2 3
35 y_1_2 6
35 t 7
35 t 9
35 y_1_2 13
35 y_1_2 19
35 t 23
35 t 24
35 t 28
35 t 34
35 y_1_2 38
35 y_1_2 41
35 t 45
35 x_1_2 51
35 y_1_2 55
35 y_1_2 56
35 t 57
35 x_1_2 60
35 t 61
36 cz 9 17
36 cz 11 19
36 cz 13 21
36 cz 15 23
36 cz 24 32
36 cz 26 34
36 cz 28 36
36 cz 30 38
36 cz 41 49
36 cz 43 51
36 cz 45 53
36 cz 47 55
36 y_1_2 8
36 y_1_2 10
36 y_1_2 12
36 t 14
36 t 16
36 x_1_2 18
36 y_1_2 20
36 x_1_2 22
36 y_1_2 25
36 x_1_2 27
36 t 29
36 x_1_2 31
36 t 33
36 x_1_2 35
36 t 37
36 t 39
36 x_1_2 40
36 t 42
36 y_1_2 44
36 x_1_2 46
36 y_1_2 48
36 t 50
36 t 52
36 y_1_2 54
37 cz 1 2
37 cz 5 6
37 cz 11 12
37 cz 17 18
37 cz 21 22
37 cz 27 28
37 cz 33 34
37 cz 37 38
37 cz 43 44
37 cz 49 50
37 cz 53 54
37 cz 59 60
37 y_1_2 9
37 x_1_2 13
37 y_1_2 15
37 t 19
37 y_1_2 23
37 y_1_2 24
37 y_1_2 26
37 x_1_2 30
37 t 32
37 y_1_2 36
37 x_1_2 41
37 y_1_2 45
37 x_1_2 47
37 t 51
37 x_1_2 55
38 cz 3 4
38 cz 9 10
38 cz 13 14
38 cz 19 20
38 cz 25 26
38 cz 29 30
38 cz 35 36
38 cz 41 42
38 cz 45 46
38 cz 51 52
38 cz 57 58
38 cz 61 62
38 y_1_2 1
38 y_1_2 2
38 y_1_2 5
38 t 6
38 t 11
38 x_1_2 12
38 t 17
38 y_1_2 18
38 x_1_2 21
38 y_1_2 22
38 y_1_2 27
38 y_1_2 28
38 x_1_2 33
38 x_1_2 34
38 y_1_2 37
38 x_1_2 38
38 y_1_2 43
38 x_1_2 44
38 y_1_2 49
38 x_1_2 50
38 y_1_2 53
38 x_1_2 54
38 y_1_2 59
38 y_1_2 60
39 cz 0 8
39 cz 2 10
39 cz 4 12
39 cz 6 14
39 cz 17 25
39 cz 19 27
39 cz 21 29
39 cz 23 31
39 cz 32 40
39 cz 34 42
39 cz 36 44
39 cz 38 46
39 cz 49 57
39 cz 51 59
39 cz 53 61
39 cz 55 63
39 y_1_2 3
39 t 9
39 t 13
39 t 20
39 x_1_2 26
39 y_1_2 30
39 t 35
39 t 41
39 x_1_2 45
39 y_1_2 52
39 t 58
39 x_1_2 62
40 cz 1 9
40 cz 3 11
40 cz 5 13
40 cz 7 15
40 cz 16 24
40 cz 18 26
40 cz 20 28
40 cz 22 30
40 cz 33 41
40 cz 35 43
40 cz 37 45
40 cz 39 47
40 cz 48 56
40 cz 50 58
40 cz 52 60
40 cz 54 62
40 t 0
40 t 2
40 y_1_2 4
40 y_1_2 6
40 x_1_2 8
40 t 10
40 t 12
40 x_1_2 14
40 x_1_2 17
40 x_1_2 19
40 y_1_2 21
40 t 23
40 t 25
40 x_1_2 27
40 x_1_2 29
40 t 31
40 y_1_2 32
40 y_1_2 34
40 x_1_2 36
40 y_1_2 38
40 t 40
40 x_1_2 42
40 t 44
40 y_1_2 46
40 x_1_2 49
40 y_1_2 51
40 x_1_2 53
40 y_1_2 55
40 x_1_2 57
40 t 59
40 y_1_2 61
40 x_1_2 63
41 cz 0 1
41 cz 4 5
41 cz 10 11
41 cz 14 15
41 cz 16 17
41 cz 20 21
41 cz 26 27
41 cz 30 31
41 cz 32 33
41 cz 36 37
41 cz 42 43
41 cz 46 47
41 cz 48 49
41 cz 52 53
41 cz 58 59
41 cz 62 63
41 x_1_2 3
41 x_1_2 7
41 y_1_2 9
41 x_1_2 13
41 x_1_2 18
41 t 22
41 x_1_2 24
41 t 28
41 x_1_2 35
41 x_1_2 39
41 y_1_2 41
41 t 45
41 y_1_2 50
41 y_1_2 54
41 t 56
41 t 60
42 cz 2 3
42 cz 6 7
42 cz 8 9
42 cz 12 13
42 cz 18 19
42 cz 22 23
42 cz 24 25
42 cz 28 29
42 cz 34 35
42 cz 38 39
42 cz 40 41
42 cz 44 45
42 cz 50 51
42 cz 54 55
42 cz 56 57
42 cz 60 61
42 y_1_2 0
42 x_1_2 1
42 x_1_2 4
42 x_1_2 5
42 x_1_2 10
42 x_1_2 11
42 t 14
42 x_1_2 15
42 x_1_2 16
42 y_1_2 17
42 x_1_2 20
42 x_1_2 21
42 t 26
42 t 27
42 t 30
42 y_1_2 31
42 t 32
42 y_1_2 33
42 y_1_2 36
42 t 37
42 t 42
42 t 43
42 t 46
42 t 47
42 t 48
42 t 49
42 t 52
42 y_1_2 53
42 x_1_2 58
42 x_1_2 59
42 t 62
42 t 63
43 cz 8 16
43 cz 10 18
43 cz 12 20
43 cz 14 22
43 cz 25 33
43 cz 27 35
43 cz 29 37
43 cz 31 39
43 cz 40 48
43 cz 42 50
43 cz 44 52
43 cz 46 54
43 y_1_2 2
43 t 3
43 x_1_2 6
43 y_1_2 7
43 t 9
43 y_1_2 13
43 t 19
43 y_1_2 23
43 t 24
43 y_1_2 28
43 t 34
43 x_1_2 38
43 x_1_2 41
43 x_1_2 45
43 x_1_2 51
43 t 55
43 x_1_2 56
43 y_1_2 57
43 x_1_2 60
43 x_1_2 61
44 cz 9 17
44 cz 11 19
44 cz 13 21
44 cz 15 23
44 cz 24 32
44 cz 26 34
44 cz 28 36
44 cz 30 38
44 cz 41 49
44 cz 43 51
44 cz 45 53
44 cz 47 55
44 t 8
44 t 10
44 y_1_2 12
44 y_1_2 14
44 t 16
44 y_1_2 18
44 t 20
44 x_1_2 22
44 x_1_2 25
44 y_1_2 27
44 t 29
44 t 31
44 t 33
44 t 35
44 x_1_2 37
44 y_1_2 39
44 y_1_2 40
44 x_1_2 42
44 x_1_2 44
44 y_1_2 46
44 y_1_2 48
44 t 50
44 x_1_2 52
44 x_1_2 54
45 cz 1 2
45 cz 5 6
45 cz 11 12
45 cz 17 18
45 cz 21 22
45 cz 27 28
45 cz 33 34
45 cz 37 38
45 cz 43 44
45 cz 49 50
45 cz 53 54
45 cz 59 60
45 y_1_2 9
45 t 13
45 y_1_2 15
45 x_1_2 19
45 x_1_2 23
45 y_1_2 24
45 y_1_2 26
45 x_1_2 30
45 y_1_2 32
45 x_1_2 36
45 t 41
45 y_1_2 45
45 y_1_2 47
45 t 51
45 y_1_2 55
46 cz 3 4
46 cz 9 10
46 cz 13 14
46 cz 19 20
46 cz 25 26
46 cz 29 30
46 cz 35 36
46 cz 41 42
46 cz 45 46
46 cz 51 52
46 cz 57 58
46 cz 61 62
46 t 1
46 x_1_2 2
46 y_1_2 5
46 y_1_2 6
46 t 11
46 t 12
46 t 17
46 t 18
46 y_1_2 21
46 y_1_2 22
46 x_1_2 27
46 x_1_2 28
46 x_1_2 33
46 x_1_2 34
46 t 37
46 t 38
46 x_1_2 43
46 t 44
46 x_1_2 49
46 x_1_2 50
46 t 53
46 y_1_2 54
46 t 59
46 y_1_2 60
47 cz 0 8
47 cz 2 10
47 cz 4 12
47 cz 6 14
47 cz 17 25
47 cz 19 27
47 cz 21 29
47 cz 23 31
47 cz 32 40
47 cz 34 42
47 cz 36 44
47 cz 38 46
47 cz 49 57
47 cz 51 59
47 cz 53 61
47 cz 55 63
47 x_1_2 3
47 x_1_2 9
47 x_1_2 13
47 y_1_2 20
47 x_1_2 26
47 y_1_2 30
47 y_1_2 35
47 y_1_2 41
47 x_1_2 45
47 y_1_2 52
47 t 58
47 x_1_2 62
48 cz 1 9
48 cz 3 11
48 cz 5 13
48 cz 7 15
48 cz 16 24
48 cz 18 26
48 cz 20 28
48 cz 22 30
48 cz 33 41
48 cz 35 43
48 cz 37 45
48 cz 39 47
48 cz 48 56
48 cz 50 58
48 cz 52 60
48 cz 54 62
48 t 0
48 y_1_2 2
48 t 4
48 x_1_2 6
48 y_1_2 8
48 y_1_2 10
48 y_1_2 12
48 x_1_2 14
48 y_1_2 17
48 y_1_2 19
48 t 21
48 t 23
48 y_1_2 25
48 y_1_2 27
48 x_1_2 29
48 y_1_2 31
48 t 32
48 y_1_2 34
48 y_1_2 36
48 x_1_2 38
48 x_1_2 40
48 y_1_2 42
48 x_1_2 44
48 t 46
48 y_1_2 49
48 x_1_2 51
48 x_1_2 53
48 x_1_2 55
48 t 57
48 x_1_2 59
48 y_1_2 61
48 x_1_2 63
49 cz 0 1
49 cz 4 5
49 cz 10 11
49 cz 14 15
49 cz 16 17
49 cz 20 21
49 cz 26 27
49 cz 30 31
49 cz 32 33
49 cz 36 37
49 cz 42 43
49 cz 46 47
49 cz 48 49
49 cz 52 53
49 cz 58 59
49 cz 62 63
49 t 3
49 t 7
49 y_1_2 9
49 t 13
49 x_1_2 18
49 x_1_2 22
49 x_1_2 24
49 t 28
49 x_1_2 35
49 x_1_2 39
49 x_1_2 41
49 t 45
49 t 50
49 t 54
49 y_1_2 56
49 x_1_2 60
50 cz 2 3
50 cz 6 7
50 cz 8 9
50 cz 12 13
50 cz 18 19
50 cz 22 23
50 cz 24 25
50 cz 28 29
50 cz 34 35
50 cz 38 39
50 cz 40 41
50 cz 44 45
50 cz 50 51
50 cz 54 55
50 cz 56 57
50 cz 60 61
50 y_1_2 0
50 x_1_2 1
50 y_1_2 4
50 t 5
50 x_1_2 10
50 x_1_2 11
50 y_1_2 14
50 x_1_2 15
50 x_1_2 16
50 x_1_2 17
50 x_1_2 20
50 x_1_2 21
50 t 26
50 x_1_2 27
50 t 30
50 x_1_2 31
50 y_1_2 32
50 y_1_2 33
50 x_1_2 36
50 x_1_2 37
50 t 42
50 y_1_2 43
50 y_1_2 46
50 t 47
50 x_1_2 48
50 x_1_2 49
50 x_1_2 52
50 t 53
50 x_1_2 58
50 t 59
50 t 62
50 t 63
51 cz 8 16
51 cz 10 18
51 cz 12 20
51 cz 14 22
51 cz 25 33
51 cz 27 35
51 cz 29 37
51 cz 31 39
51 cz 40 48
51 cz 42 50
51 cz 44 52
51 cz 46 54
51 x_1_2 2
51 y_1_2 3
51 y_1_2 6
51 x_1_2 7
51 x_1_2 9
51 x_1_2 13
51 x_1_2 19
51 y_1_2 23
51 y_1_2 24
51 x_1_2 28
51 x_1_2 34
51 t 38
51 t 41
51 x_1_2 45
51 t 51
51 y_1_2 55
51 t 56
51 x_1_2 57
51 t 60
51 t 61
52 cz 9 17
52 cz 11 19
52 cz 13 21
52 cz 15 23
52 cz 24 32
52 cz 26 34
52 cz 28 36
52 cz 30 38
52 cz 41 49
52 cz 43 51
52 cz 45 53
52 cz 47 55
52 x_1_2 8
52 t 10
52 x_1_2 12
52 t 14
52 y_1_2 16
52 y_1_2 18
52 t 20
52 y_1_2 22
52 x_1_2 25
52 y_1_2 27
52 t 29
52 y_1_2 31
52 t 33
52 y_1_2 35
52 y_1_2 37
52 y_1_2 39
52 t 40
52 x_1_2 42
52 y_1_2 44
52 t 46
52 t 48
52 y_1_2 50
52 y_1_2 52
52 y_1_2 54
53 cz 1 2
53 cz 5 6
53 cz 11 12
53 cz 17 18
53 cz 21 22
53 cz 27 28
53 cz 33 34
53 cz 37 38
53 cz 43 44
53 cz 49 50
53 cz 53 54
53 cz 59 60
53 y_1_2 9
53 t 13
53 t 15
53 t 19
53 t 23
53 t 24
53 x_1_2 26
53 x_1_2 30
53 t 32
53 y_1_2 36
53 y_1_2 41
53 y_1_2 45
53 x_1_2 47
53 y_1_2 51
53 t 55
54 cz 3 4
54 cz 9 10
54 cz 13 14
54 cz 19 20
54 cz 25 26
54 cz 29 30
54 cz 35 36
54 cz 41 42
54 cz 45 46
54 cz 51 52
54 cz 57 58
54 cz 61 62
54 y_1_2 1
54 y_1_2 2
54 x_1_2 5
54 t 6
54 t 11
54 y_1_2 12
54 y_1_2 17
54 x_1_2 18
54 y_1_2 21
54 x_1_2 22
54 x_1_2 27
54 t 28
54 y_1_2 33
54 t 34
54 t 37
54 y_1_2 38
54 t 43
54 t 44
54 t 49
54 x_1_2 50
54 x_1_2 53
54 x_1_2 54
54 x_1_2 59
54 x_1_2 60
55 cz 0 8
55 cz 2 10
55 cz 4 12
55 cz 6 14
55 cz 17 25
55 cz 19 27
55 cz 21 29
55 cz 23 31
55 cz 32 40
55 cz 34 42
55 cz 36 44
55 cz 38 46
55 cz 49 57
55 cz 51 59
55 cz 53 61
55 cz 55 63
55 x_1_2 3
55 x_1_2 9
55 y_1_2 13
55 x_1_2 20
55 t 26
55 y_1_2 30
55 t 35
55 x_1_2 41
55 t 45
55 t 52
55 y_1_2 58
55 y_1_2 62
56 cz 1 9
56 cz 3 11
56 cz 5 13
56 cz 7 15
56 cz 16 24
56 cz 18 26
56 cz 20 28
56 cz 22 30
56 cz 33 41
56 cz 35 43
56 cz 37 45
56 cz 39 47
56 cz 48 56
56 cz 50 58
56 cz 52 60
56 cz 54 62
56 t 0
56 x_1_2 2
56 t 4
56 x_1_2 6
56 y_1_2 8
56 x_1_2 10
56 t 12
56 y_1_2 14
56 x_1_2 17
56 x_1_2 19
56 t 21
56 x_1_2 23
56 y_1_2 25
56 t 27
56 x_1_2 29
56 t 31
56 y_1_2 32
56 x_1_2 34
56 x_1_2 36
56 t 38
56 y_1_2 40
56 t 42
56 x_1_2 44
56 x_1_2 46
56 y_1_2 49
56 x_1_2 51
56 y_1_2 53
56 y_1_2 55
56 t 57
56 y_1_2 59
56 x_1_2 61
56 x_1_2 63
57 cz 0 1
57 cz 4 5
57 cz 10 11
57 cz 14 15
57 cz 16 17
57 cz 20 21
57 cz 26 27
57 cz 30 31
57 cz 32 33
57 cz 36 37
57 cz 42 43
57 cz 46 47
57 cz 48 49
57 cz 52 53
57 cz 58 59
57 cz 62 63
57 y_1_2 3
57 t 7
57 t 9
57 t 13
57 t 18
57 y_1_2 22
57 x_1_2 24
57 y_1_2 28
57 x_1_2 35
57 x_1_2 39
57 t 41
57 x_1_2 45
57 y_1_2 50
57 y_1_2 54
57 y_1_2 56
57 y_1_2 60
58 cz 2 3
58 cz 6 7
58 cz 8 9
58 cz 12 13
58 cz 18 19
58 cz 22 23
58 cz 24 25
58 cz 28 29
58 cz 34 35
58 cz 38 39
58 cz 40 41
58 cz 44 45
58 cz 50 51
58 cz 54 55
58 cz 56 57
58 cz 60 61
58 y_1_2 0
58 t 1
58 x_1_2 4
58 t 5
58 t 10
58 x_1_2 11
58 x_1_2 14
58 x_1_2 15
58 x_1_2 16
58 y_1_2 17
58 t 20
58 y_1_2 21
58 y_1_2 26
58 x_1_2 27
58 t 30
58 y_1_2 31
58 x_1_2 32
58 t 33
58 y_1_2 36
58 x_1_2 37
58 x_1_2 42
58 x_1_2 43
58 t 46
58 t 47
58 y_1_2 48
58 t 49
58 y_1_2 52
58 x_1_2 53
58 t 58
58 x_1_2 59
58 t 62
58 t 63
59 cz 8 16
59 cz 10 18
59 cz 12 20
59 cz 14 22
59 cz 25 33
59 cz 27 35
59 cz 29 37
59 cz 31 39
59 cz 40 48
59 cz 42 50
59 cz 44 52
59 cz 46 54
59 t 2
59 t 3
59 t 6
59 x_1_2 7
59 x_1_2 9
59 y_1_2 13
59 t 19
59 y_1_2 23
59 y_1_2 24
59 t 28
59 t 34
59 y_1_2 38
59 y_1_2 41
59 y_1_2 45
59 y_1_2 51
59 x_1_2 55
59 x_1_2 56
59 x_1_2 57
59 x_1_2 60
59 t 61
60 cz 9 17
60 cz 11 19
60 cz 13 21
60 cz 15 23
60 cz 24 32
60 cz 26 34
60 cz 28 36
60 cz 30 38
60 cz 41 49
60 cz 43 51
60 cz 45 53
60 cz 47 55
60 t 8
60 x_1_2 10
60 x_1_2 12
60 y_1_2 14
60 y_1_2 16
60 y_1_2 18
60 y_1_2 20
60 x_1_2 22
60 x_1_2 25
60 t 27
60 y_1_2 29
60 t 31
60 y_1_2 33
60 y_1_2 35
60 y_1_2 37
60 t 39
60 t 40
60 y_1_2 42
60 t 44
60 x_1_2 46
60 x_1_2 48
60 t 50
60 t 52
60 x_1_2 54
61 cz 1 2
61 cz 5 6
61 cz 11 12
61 cz 17 18
61 cz 21 22
61 cz 27 28
61 cz 33 34
61 cz 37 38
61 cz 43 44
61 cz 49 50
61 cz 53 54
61 cz 59 60
61 y_1_2 9
61 t 13
61 y_1_2 15
61 x_1_2 19
61 x_1_2 23
61 t 24
61 t 26
61 y_1_2 30
61 y_1_2 32
61 t 36
61 t 41
61 x_1_2 45
61 x_1_2 47
61 t 51
61 t 55
62 cz 3 4
62 cz 9 10
62 cz 13 14
62 cz 19 20
62 cz 25 26
62 cz 29 30
62 cz 35 36
62 cz 41 42
62 cz 45 46
62 cz 51 52
62 cz 57 58
62 cz 61 62
62 y_1_2 1
62 y_1_2 2
62 x_1_2 5
62 y_1_2 6
62 t 11
62 y_1_2 12
62 x_1_2 17
62 t 18
62 t 21
62 t 22
62 y_1_2 27
62 y_1_2 28
62 x_1_2 33
62 x_1_2 34
62 t 37
62 x_1_2 38
62 t 43
62 x_1_2 44
62 y_1_2 49
62 y_1_2 50
62 y_1_2 53
62 t 54
62 t 59
62 t 60
63 cz 0 8
63 cz 2 10
63 cz 4 12
63 cz 6 14
63 cz 17 25
63 cz 19 27
63 cz 21 29
63 cz 23 31
63 cz 32 40
63 cz 34 42
63 cz 36 44
63 cz 38 46
63 cz 49 57
63 cz 51 59
63 cz 53 61
63 cz 55 63
63 y_1_2 3
63 t 9
63 y_1_2 13
63 x_1_2 20
63 x_1_2 26
63 t 30
63 t 35
63 x_1_2 41
63 y_1_2 45
63 x_1_2 52
63 x_1_2 58
63 y_1_2 62
64 cz 1 9
64 cz 3 11
64 cz 5 13
64 cz 7 15
64 cz 16 24
64 cz 18 26
64 cz 20 28
64 cz 22 30
64 cz 33 41
64 cz 35 43
64 cz 37 45
64 cz 39 47
64 cz 48 56
64 cz 50 58
64 cz 52 60
64 cz 54 62
64 t 0
64 x_1_2 2
64 y_1_2 4
64 x_1_2 6
64 x_1_2 8
64 t 10
64 x_1_2 12
64 x_1_2 14
64 y_1_2 17
64 t 19
64 y_1_2 21
64 t 23
64 y_1_2 25
64 t 27
64 t 29
64 x_1_2 31
64 t 32
64 y_1_2 34
64 y_1_2 36
64 t 38
64 x_1_2 40
64 x_1_2 42
64 t 44
64 t 46
64 x_1_2 49
64 y_1_2 51
64 x_1_2 53
64 x_1_2 55
64 y_1_2 57
64 y_1_2 59
64 y_1_2 61
64 y_1_2 63
65 cz 0 1
65 cz 4 5
65 cz 10 11
65 cz 14 15
65 cz 16 17
65 cz 20 21
65 cz 26 27
65 cz 30 31
65 cz 32 33
65 cz 36 37
65 cz 42 43
65 cz 46 47
65 cz 48 49
65 cz 52 53
65 cz 58 59
65 cz 62 63
65 t 3
65 t 7
65 x_1_2 9
65 t 13
65 x_1_2 18
65 x_1_2 22
65 y_1_2 24
65 x_1_2 28
65 y_1_2 35
65 x_1_2 39
65 y_1_2 41
65 x_1_2 45
65 t 50
65 y_1_2 54
65 t 56
65 y_1_2 60
66 cz 2 3
66 cz 6 7
66 cz 8 9
66 cz 12 13
66 cz 18 19
66 cz 22 23
66 cz 24 25
66 cz 28 29
66 cz 34 35
66 cz 38 39
66 cz 40 41
66 cz 44 45
66 cz 50 51
66 cz 54 55
66 cz 56 57
66 cz 60 61
66 x_1_2 0
66 t 1
66 t 4
66 y_1_2 5
66 x_1_2 10
66 y_1_2 11
66 y_1_2 14
66 t 15
66 x_1_2 16
66 t 17
66 y_1_2 20
66 t 21
66 y_1_2 26
66 y_1_2 27
66 y_1_2 30
66 t 31
66 y_1_2 32
66 t 33
66 t 36
66 x_1_2 37
66 t 42
66 x_1_2 43
66 y_1_2 46
66 y_1_2 47
66 t 48
66 y_1_2 49
66 t 52
66 y_1_2 53
66 t 58
66 x_1_2 59
66 x_1_2 62
66 x_1_2 63
67 cz 8 16
67 cz 10 18
67 cz 12 20
67 cz 14 22
67 cz 25 33
67 cz 27 35
67 cz 29 37
67 cz 31 39
67 cz 40 48
67 cz 42 50
67 cz 44 52
67 cz 46 54
67 t 2
67 x_1_2 3
67 t 6
67 y_1_2 7
67 t 9
67 y_1_2 13
67 x_1_2 19
67 y_1_2 23
67 x_1_2 24
67 t 28
67 x_1_2 34
67 y_1_2 38
67 t 41
67 y_1_2 45
67 t 51
67 t 55
67 y_1_2 56
67 t 57
67 t 60
67 t 61
68 cz 9 17
68 cz 11 19
68 cz 13 21
68 cz 15 23
68 cz 24 32
68 cz 26 34
68 cz 28 36
68 cz 30 38
68 cz 41 49
68 cz 43 51
68 cz 45 53
68 cz 47 55
68 t 8
68 t 10
68 y_1_2 12
68 t 14
68 y_1_2 16
68 t 18
68 x_1_2 20
68 y_1_2 22
68 x_1_2 25
68 t 27
68 y_1_2 29
68 x_1_2 31
68 y_1_2 33
68 t 35
68 y_1_2 37
68 t 39
68 y_1_2 40
68 x_1_2 42
68 y_1_2 44
68 x_1_2 46
68 y_1_2 48
68 y_1_2 50
68 y_1_2 52
68 t 54
69 cz 1 2
69 cz 5 6
69 cz 11 12
69 cz 17 18
69 cz 21 22
69 cz 27 28
69 cz 33 34
69 cz 37 38
69 cz 43 44
69 cz 49 50
69 cz 53 54
69 cz 59 60
69 x_1_2 9
69 t 13
69 y_1_2 15
69 t 19
69 x_1_2 23
69 y_1_2 24
69 t 26
69 t 30
69 t 32
69 y_1_2 36
69 y_1_2 41
69 x_1_2 45
69 t 47
69 x_1_2 51
69 x_1_2 55
70 cz 3 4
70 cz 9 10
70 cz 13 14
70 cz 19 20
70 cz 25 26
70 cz 29 30
70 cz 35 36
70 cz 41 42
70 cz 45 46
70 cz 51 52
70 cz 57 58
70 cz 61 62
70 y_1_2 1
70 x_1_2 2
70 t 5
70 x_1_2 6
70 x_1_2 11
70 t 12
70 x_1_2 17
70 y_1_2 18
70 y_1_2 21
70 t 22
70 y_1_2 27
70 y_1_2 28
70 t 33
70 y_1_2 34
70 x_1_2 37
70 t 38
70 y_1_2 43
70 x_1_2 44
70 t 49
70 x_1_2 50
70 t 53
70 y_1_2 54
70 y_1_2 59
70 y_1_2 60
71 cz 0 8
71 cz 2 10
71 cz 4 12
71 cz 6 14
71 cz 17 25
71 cz 19 27
71 cz 21 29
71 cz 23 31
71 cz 32 40
71 cz 34 42
71 cz 36 44
71 cz 38 46
71 cz 49 57
71 cz 51 59
71 cz 53 61
71 cz 55 63
71 t 3
71 t 9
71 y_1_2 13
71 y_1_2 20
71 y_1_2 26
71 x_1_2 30
71 y_1_2 35
71 x_1_2 41
71 y_1_2 45
71 t 52
71 x_1_2 58
71 t 62
72 cz 1 9
72 cz 3 11
72 cz 5 13
72 cz 7 15
72 cz 16 24
72 cz 18 26
72 cz 20 28
72 cz 22 30
72 cz 33 41
72 cz 35 43
72 cz 37 45
72 cz 39 47
72 cz 48 56
72 cz 50 58
72 cz 52 60
72 cz 54 62
72 t 0
72 y_1_2 2
72 x_1_2 4
72 y_1_2 6
72 x_1_2 8
72 y_1_2 10
72 x_1_2 12
72 y_1_2 14
72 y_1_2 17
72 x_1_2 19
72 t 21
72 y_1_2 23
72 t 25
72 x_1_2 27
72 x_1_2 29
72 t 31
72 y_1_2 32
72 t 34
72 t 36
72 y_1_2 38
72 t 40
72 t 42
72 y_1_2 44
72 t 46
72 x_1_2 49
72 y_1_2 51
72 y_1_2 53
72 y_1_2 55
72 x_1_2 57
72 t 59
72 x_1_2 61
72 t 63
73 cz 0 1
73 cz 4 5
73 cz 10 11
73 cz 14 15
73 cz 16 17
73 cz 20 21
73 cz 26 27
73 cz 30 31
73 cz 32 33
73 cz 36 37
73 cz 42 43
73 cz 46 47
73 cz 48 49
73 cz 52 53
73 cz 58 59
73 cz 62 63
73 x_1_2 3
73 x_1_2 7
73 y_1_2 9
73 x_1_2 13
73 x_1_2 18
73 y_1_2 22
73 t 24
73 x_1_2 28
73 x_1_2 35
73 y_1_2 39
73 y_1_2 41
73 t 45
73 t 50
73 x_1_2 54
73 t 56
73 t 60
74 cz 2 3
74 cz 6 7
74 cz 8 9
74 cz 12 13
74 cz 18 19
74 cz 22 23
74 cz 24 25
74 cz 28 29
74 cz 34 35
74 cz 38 39
74 cz 40 41
74 cz 44 45
74 cz 50 51
74 cz 54 55
74 cz 56 57
74 cz 60 61
74 x_1_2 0
74 t 1
74 y_1_2 4
74 x_1_2 5
74 x_1_2 10
74 t 11
74 x_1_2 14
74 x_1_2 15
74 x_1_2 16
74 x_1_2 17
74 t 20
74 y_1_2 21
74 x_1_2 26
74 t 27
74 t 30
74 y_1_2 31
74 x_1_2 32
74 y_1_2 33
74 y_1_2 36
74 t 37
74 y_1_2 42
74 t 43
74 x_1_2 46
74 y_1_2 47
74 t 48
74 y_1_2 49
74 x_1_2 52
74 x_1_2 53
74 y_1_2 58
74 y_1_2 59
74 y_1_2 62
74 y_1_2 63
75 cz 8 16
75 cz 10 18
75 cz 12 20
75 cz 14 22
75 cz 25 33
75 cz 27 35
75 cz 29 37
75 cz 31 39
75 cz 40 48
75 cz 42 50
75 cz 44 52
75 cz 46 54
75 t 2
75 t 3
75 x_1_2 6
75 t 7
75 x_1_2 9
75 y_1_2 13
75 y_1_2 19
75 t 23
75 y_1_2 24
75 y_1_2 28
75 x_1_2 34
75 x_1_2 38
75 x_1_2 41
75 x_1_2 45
75 x_1_2 51
75 t 55
75 x_1_2 56
75 y_1_2 57
75 x_1_2 60
75 y_1_2 61
76 cz 9 17
76 cz 11 19
76 cz 13 21
76 cz 15 23
76 cz 24 32
76 cz 26 34
76 cz 28 36
76 cz 30 38
76 cz 41 49
76 cz 43 51
76 cz 45 53
76 cz 47 55
76 y_1_2 8
76 t 10
76 y_1_2 12
76 t 14
76 y_1_2 16
76 y_1_2 18
76 y_1_2 20
76 x_1_2 22
76 y_1_2 25
76 y_1_2 27
76 t 29
76 t 31
76 t 33
76 t 35
76 x_1_2 37
76 t 39
76 x_1_2 40
76 x_1_2 42
76 t 44
76 t 46
76 y_1_2 48
76 x_1_2 50
76 t 52
76 t 54
77 cz 1 2
77 cz 5 6
77 cz 11 12
77 cz 17 18
77 cz 21 22
77 cz 27 28
77 cz 33 34
77 cz 37 38
77 cz 43 44
77 cz 49 50
77 cz 53 54
77 cz 59 60
77 y_1_2 9
77 t 13
77 y_1_2 15
77 t 19
77 x_1_2 23
77 t 24
77 y_1_2 26
77 y_1_2 30
77 t 32
77 x_1_2 36
77 t 41
77 t 45
77 x_1_2 47
77 y_1_2 51
77 y_1_2 55
78 cz 3 4
78 cz 9 10
78 cz 13 14
78 cz 19 20
78 cz 25 26
78 cz 29 30
78 cz 35 36
78 cz 41 42
78 cz 45 46
78 cz 51 52
78 cz 57 58
78 cz 61 62
78 x_1_2 1
78 y_1_2 2
78 t 5
78 y_1_2 6
78 x_1_2 11
78 t 12
78 y_1_2 17
78 t 18
78 x_1_2 21
78 t 22
78 t 27
78 t 28
78 y_1_2 33
78 t 34
78 t 37
78 t 38
78 x_1_2 43
78 x_1_2 44
78 x_1_2 49
78 t 50
78 y_1_2 53
78 x_1_2 54
78 x_1_2 59
78 y_1_2 60
79 cz 0 8
79 cz 2 10
79 cz 4 12
79 cz 6 14
79 cz 17 25
79 cz 19 27
79 cz 21 29
79 cz 23 31
79 cz 32 40
79 cz 34 42
79 cz 36 44
79 cz 38 46
79 cz 49 57
79 cz 51 59
79 cz 53 61
79 cz 55 63
79 y_1_2 3
79 t 9
79 x_1_2 13
79 t 20
79 t 26
79 t 30
79 y_1_2 35
79 y_1_2 41
79 x_1_2 45
79 y_1_2 52
79 x_1_2 58
79 t 62
80 cz 1 9
80 cz 3 11
80 cz 5 13
80 cz 7 15
80 cz 16 24
80 cz 18 26
80 cz 20 28
80 cz 22 30
80 cz 33 41
80 cz 35 43
80 cz 37 45
80 cz 39 47
80 cz 48 56
80 cz 50 58
80 cz 52 60
80 cz 54 62
80 y_1_2 0
80 x_1_2 2
80 t 4
80 x_1_2 6
80 t 8
80 x_1_2 10
80 x_1_2 12
80 y_1_2 14
80 x_1_2 17
80 y_1_2 19
80 y_1_2 21
80 t 23
80 x_1_2 25
80 x_1_2 27
80 y_1_2 29
80 y_1_2 31
80 x_1_2 32
80 y_1_2 34
80 y_1_2 36
80 x_1_2 38
80 y_1_2 40
80 t 42
80 t 44
80 y_1_2 46
80 y_1_2 49
80 x_1_2 51
80 x_1_2 53
80 t 55
80 x_1_2 57
80 t 59
80 t 61
80 t 63
81 cz 0 1
81 cz 4 5
81 cz 10 11
81 cz 14 15
81 cz 16 17
81 cz 20 21
81 cz 26 27
81 cz 30 31
81 cz 32 33
81 cz 36 37
81 cz 42 43
81 cz 46 47
81 cz 48 49
81 cz 52 53
81 cz 58 59
81 cz 62 63
81 t 3
81 y_1_2 7
81 x_1_2 9
81 y_1_2 13
81 x_1_2 18
81 x_1_2 22
81 y_1_2 24
81 y_1_2 28
81 t 35
81 x_1_2 39
81 x_1_2 41
81 t 45
81 x_1_2 50
81 y_1_2 54
81 y_1_2 56
81 t 60
82 cz 2 3
82 cz 6 7
82 cz 8 9
82 cz 12 13
82 cz 18 19
82 cz 22 23
82 cz 24 25
82 cz 28 29
82 cz 34 35
82 cz 38 39
82 cz 40 41
82 cz 44 45
82 cz 50 51
82 cz 54 55
82 cz 56 57
82 cz 60 61
82 x_1_2 0
82 t 1
82 x_1_2 4
82 y_1_2 5
82 y_1_2 10
82 y_1_2 11
82 t 14
82 t 15
82 t 16
82 y_1_2 17
82 y_1_2 20
82 x_1_2 21
82 y_1_2 26
82 y_1_2 27
82 x_1_2 30
82 x_1_2 31
82 t 32
82 x_1_2 33
82 t 36
82 x_1_2 37
82 x_1_2 42
82 y_1_2 43
82 x_1_2 46
82 t 47
82 x_1_2 48
82 x_1_2 49
82 t 52
82 y_1_2 53
82 t 58
82 y_1_2 59
82 x_1_2 62
82 x_1_2 63
83 cz 8 16
83 cz 10 18
83 cz 12 20
83 cz 14 22
83 cz 25 33
83 cz 27 35
83 cz 29 37
83 cz 31 39
83 cz 40 48
83 cz 42 50
83 cz 44 52
83 cz 46 54
83 t 2
83 y_1_2 3
83 t 6
83 t 7
83 t 9
83 t 13
83 t 19
83 y_1_2 23
83 x_1_2 24
83 t 28
83 x_1_2 34
83 y_1_2 38
83 t 41
83 y_1_2 45
83 y_1_2 51
83 x_1_2 55
83 t 56
83 t 57
83 y_1_2 60
83 y_1_2 61
84 cz 9 17
84 cz 11 19
84 cz 13 21
84 cz 15 23
84 cz 24 32
84 cz 26 34
84 cz 28 36
84 cz 30 38
84 cz 41 49
84 cz 43 51
84 cz 45 53
84 cz 47 55
84 x_1_2 8
84 x_1_2 10
84 y_1_2 12
84 x_1_2 14
84 x_1_2 16
84 y_1_2 18
84 x_1_2 20
84 t 22
84 t 25
84 t 27
84 t 29
84 y_1_2 31
84 y_1_2 33
84 y_1_2 35
84 y_1_2 37
84 y_1_2 39
84 x_1_2 40
84 y_1_2 42
84 y_1_2 44
84 t 46
84 t 48
84 t 50
84 x_1_2 52
84 t 54
85 cz 1 2
85 cz 5 6
85 cz 11 12
85 cz 17 18
85 cz 21 22
85 cz 27 28
85 cz 33 34
85 cz 37 38
85 cz 43 44
85 cz 49 50
85 cz 53 54
85 cz 59 60
85 x_1_2 9
85 y_1_2 13
85 x_1_2 15
85 y_1_2 19
85 x_1_2 23
85 y_1_2 24
85 x_1_2 26
85 y_1_2 30
85 x_1_2 32
85 x_1_2 36
85 x_1_2 41
85 x_1_2 45
85 x_1_2 47
85 t 51
85 t 55
86 cz 3 4
86 cz 9 10
86 cz 13 14
86 cz 19 20
86 cz 25 26
86 cz 29 30
86 cz 35 36
86 cz 41 42
86 cz 45 46
86 cz 51 52
86 cz 57 58
86 cz 61 62
86 y_1_2 1
86 y_1_2 2
86 t 5
86 x_1_2 6
86 t 11
86 t 12
86 x_1_2 17
86 t 18
86 t 21
86 x_1_2 22
86 y_1_2 27
86 y_1_2 28
86 x_1_2 33
86 y_1_2 34
86 x_1_2 37
86 x_1_2 38
86 t 43
86 t 44
86 t 49
86 x_1_2 50
86 t 53
86 x_1_2 54
86 t 59
86 x_1_2 60
87 cz 0 8
87 cz 2 10
87 cz 4 12
87 cz 6 14
87 cz 17 25
87 cz 19 27
87 cz 21 29
87 cz 23 31
87 cz 32 40
87 cz 34 42
87 cz 36 44
87 cz 38 46
87 cz 49 57
87 cz 51 59
87 cz 53 61
87 cz 55 63
87 t 3
87 t 9
87 x_1_2 13
87 y_1_2 20
87 y_1_2 26
87 t 30
87 t 35
87 y_1_2 41
87 y_1_2 45
87 y_1_2 52
87 x_1_2 58
87 t 62
88 cz 1 9
88 cz 3 11
88 cz 5 13
88 cz 7 15
88 cz 16 24
88 cz 18 26
88 cz 20 28
88 cz 22 30
88 cz 33 41
88 cz 35 43
88 cz 37 45
88 cz 39 47
88 cz 48 56
88 cz 50 58
88 cz 52 60
88 cz 54 62
88 y_1_2 0
88 x_1_2 2
88 t 4
88 t 6
88 y_1_2 8
88 t 10
88 x_1_2 12
88 t 14
88 t 17
88 x_1_2 19
88 y_1_2 21
88 y_1_2 23
88 x_1_2 25
88 t 27
88 y_1_2 29
88 x_1_2 31
88 t 32
88 t 34
88 t 36
88 y_1_2 38
88 t 40
88 t 42
88 x_1_2 44
88 y_1_2 46
88 x_1_2 49
88 x_1_2 51
88 x_1_2 53
88 x_1_2 55
88 y_1_2 57
88 x_1_2 59
88 x_1_2 61
88 y_1_2 63
89 cz 0 1
89 cz 4 5
89 cz 10 11
89 cz 14 15
89 cz 16 17
89 cz 20 21
89 cz 26 27
89 cz 30 31
89 cz 32 33
89 cz 36 37
89 cz 42 43
89 cz 46 47
89 cz 48 49
89 cz 52 53
89 cz 58 59
89 cz 62 63
89 y_1_2 3
89 x_1_2 7
89 x_1_2 9
89 y_1_2 13
89 x_1_2 18
89 y_1_2 22
89 x_1_2 24
89 x_1_2 28
89 x_1_2 35
89 x_1_2 39
89 x_1_2 41
89 x_1_2 45
89 y_1_2 50
89 t 54
89 y_1_2 56
89 y_1_2 60
90 cz 2 3
90 cz 6 7
90 cz 8 9
90 cz 12 13
90 cz 18 19
90 cz 22 23
90 cz 24 25
90 cz 28 29
90 cz 34 35
90 cz 38 39
90 cz 40 41
90 cz 44 45
90 cz 50 51
90 cz 54 55
90 cz 56 57
90 cz 60 61
90 t 0
90 t 1
90 y_1_2 4
90 x_1_2 5
90 y_1_2 10
90 y_1_2 11
90 x_1_2 14
90 t 15
90 t 16
90 y_1_2 17
90 t 20
90 x_1_2 21
90 t 26
90 x_1_2 27
90 y_1_2 30
90 t 31
90 y_1_2 32
90 t 33
90 y_1_2 36
90 y_1_2 37
90 x_1_2 42
90 x_1_2 43
90 t 46
90 y_1_2 47
90 y_1_2 48
90 y_1_2 49
90 x_1_2 52
90 y_1_2 53
90 t 58
90 y_1_2 59
90 y_1_2 62
90 x_1_2 63
91 cz 8 16
91 cz 10 18
91 cz 12 20
91 cz 14 22
91 cz 25 33
91 cz 27 35
91 cz 29 37
91 cz 31 39
91 cz 40 48
91 cz 42 50
91 cz 44 52
91 cz 46 54
91 t 2
91 t 3
91 y_1_2 6
91 t 7
91 t 9
91 t 13
91 t 19
91 t 23
91 t 24
91 t 28
91 x_1_2 34
91 t 38
91 y_1_2 41
91 y_1_2 45
91 t 51
91 y_1_2 55
91 t 56
91 t 57
91 x_1_2 60
91 t 61
92 cz 9 17
92 cz 11 19
92 cz 13 21
92 cz 15 23
92 cz 24 32
92 cz 26 34
92 cz 28 36
92 cz 30 38
92 cz 41 49
92 cz 43 51
92 cz 45 53
92 cz 47 55
92 x_1_2 8
92 x_1_2 10
92 y_1_2 12
92 y_1_2 14
92 y_1_2 16
92 t 18
92 y_1_2 20
92 x_1_2 22
92 t 25
92 y_1_2 27
92 x_1_2 29
92 x_1_2 31
92 x_1_2 33
92 y_1_2 35
92 x_1_2 37
92 t 39
92 y_1_2 40
92 t 42
92 y_1_2 44
92 x_1_2 46
92 t 48
92 t 50
92 t 52
92 x_1_2 54
93 cz 1 2
93 cz 5 6
93 cz 11 12
93 cz 17 18
93 cz 21 22
93 cz 27 28
93 cz 33 34
93 cz 37 38
93 cz 43 44
93 cz 49 50
93 cz 53 54
93 cz 59 60
93 y_1_2 9
93 y_1_2 13
93 x_1_2 15
93 x_1_2 19
93 y_1_2 23
93 y_1_2 24
93 x_1_2 26
93 x_1_2 30
93 x_1_2 32
93 x_1_2 36
93 t 41
93 t 45
93 t 47
93 y_1_2 51
93 t 55
94 cz 3 4
94 cz 9 10
94 cz 13 14
94 cz 19 20
94 cz 25 26
94 cz 29 30
94 cz 35 36
94 cz 41 42
94 cz 45 46
94 cz 51 52
94 cz 57 58
94 cz 61 62
94 x_1_2 1
94 x_1_2 2
94 t 5
94 x_1_2 6
94 t 11
94 t 12
94 t 17
94 y_1_2 18
94 y_1_2 21
94 t 22
94 t 27
94 y_1_2 28
94 y_1_2 33
94 t 34
94 y_1_2 37
94 x_1_2 38
94 t 43
94 x_1_2 44
94 x_1_2 49
94 y_1_2 50
94 t 53
94 y_1_2 54
94 t 59
94 y_1_2 60
95 cz 0 8
95 cz 2 10
95 cz 4 12
95 cz 6 14
95 cz 17 25
95 cz 19 27
95 cz 21 29
95 cz 23 31
95 cz 32 40
95 cz 34 42
95 cz 36 44
95 cz 38 46
95 cz 49 57
95 cz 51 59
95 cz 53 61
95 cz 55 63
95 y_1_2 3
95 t 9
95 t 13
95 x_1_2 20
95 y_1_2 26
95 y_1_2 30
95 t 35
95 x_1_2 41
95 y_1_2 45
95 y_1_2 52
95 x_1_2 58
95 t 62
96 cz 1 9
96 cz 3 11
96 cz 5 13
96 cz 7 15
96 cz 16 24
96 cz 18 26
96 cz 20 28
96 cz 22 30
96 cz 33 41
96 cz 35 43
96 cz 37 45
96 cz 39 47
96 cz 48 56
96 cz 50 58
96 cz 52 60
96 cz 54 62
96 x_1_2 0
96 t 2
96 x_1_2 4
96 t 6
96 t 8
96 y_1_2 10
96 x_1_2 12
96 t 14
96 x_1_2 17
96 t 19
96 t 21
96 t 23
96 y_1_2 25
96 y_1_2 27
96 y_1_2 29
96 y_1_2 31
96 y_1_2 32
96 y_1_2 34
96 y_1_2 36
96 y_1_2 38
96 x_1_2 40
96 y_1_2 42
96 y_1_2 44
96 y_1_2 46
96 y_1_2 49
96 t 51
96 x_1_2 53
96 y_1_2 55
96 y_1_2 57
96 x_1_2 59
96 y_1_2 61
96 y_1_2 63
97 cz 0 1
97 cz 4 5
97 cz 10 11
97 cz 14 15
97 cz 16 17
97 cz 20 21
97 cz 26 27
97 cz 30 31
97 cz 32 33
97 cz 36 37
97 cz 42 43
97 cz 46 47
97 cz 48 49
97 cz 52 53
97 cz 58 59
97 cz 62 63
97 t 3
97 x_1_2 7
97 x_1_2 9
97 y_1_2 13
97 x_1_2 18
97 y_1_2 22
97 x_1_2 24
97 t 28
97 y_1_2 35
97 y_1_2 39
97 t 41
97 t 45
97 x_1_2 50
97 x_1_2 54
97 y_1_2 56
97 x_1_2 60
98 cz 2 3
98 cz 6 7
98 cz 8 9
98 cz 12 13
98 cz 18 19
98 cz 22 23
98 cz 24 25
98 cz 28 29
98 cz 34 35
98 cz 38 39
98 cz 40 41
98 cz 44 45
98 cz 50 51
98 cz 54 55
98 cz 56 57
98 cz 60 61
98 y_1_2 0
98 t 1
98 t 4
98 y_1_2 5
98 t 10
98 x_1_2 11
98 x_1_2 14
98 t 15
98 x_1_2 16
98 y_1_2 17
98 t 20
98 x_1_2 21
98 x_1_2 26
98 t 27
98 x_1_2 30
98 x_1_2 31
98 x_1_2 32
98 t 33
98 t 36
98 x_1_2 37
98 t 42
98 x_1_2 43
98 t 46
98 x_1_2 47
98 y_1_2 48
98 x_1_2 49
98 x_1_2 52
98 t 53
98 y_1_2 58
98 y_1_2 59
98 y_1_2 62
98 t 63
99 cz 8 16
99 cz 10 18
99 cz 12 20
99 cz 14 22
99 cz 25 33
99 cz 27 35
99 cz 29 37
99 cz 31 39
99 cz 40 48
99 cz 42 50
99 cz 44 52
99 cz 46 54
99 x_1_2 2
99 x_1_2 3
99 x_1_2 6
99 t 7
99 t 9
99 x_1_2 13
99 x_1_2 19
99 x_1_2 23
99 y_1_2 24
99 y_1_2 28
99 x_1_2 34
99 x_1_2 38
99 y_1_2 41
99 y_1_2 45
99 y_1_2 51
99 t 55
99 x_1_2 56
99 x_1_2 57
99 t 60
99 t 61
100 cz 9 17
100 cz 11 19
100 cz 13 21
100 cz 15 23
100 cz 24 32
100 cz 26 34
100 cz 28 36
100 cz 30 38
100 cz 41 49
100 cz 43 51
100 cz 45 53
100 cz 47 55
100 x_1_2 8
100 x_1_2 10
100 y_1_2 12
100 t 14
100 t 16
100 t 18
100 x_1_2 20
100 x_1_2 22
100 x_1_2 25
100 y_1_2 27
100 t 29
100 y_1_2 31
100 x_1_2 33
100 t 35
100 t 37
100 t 39
100 y_1_2 40
100 x_1_2 42
100 t 44
100 x_1_2 46
100 t 48
100 y_1_2 50
100 y_1_2 52
100 y_1_2 54
