45
0 h 0
0 h 1
0 h 2
0 h 3
0 h 4
0 h 5
0 h 6
0 h 7
0 h 8
0 h 9
0 h 10
0 h 11
0 h 12
0 h 13
0 h 14
0 h 15
0 h 16
0 h 17
0 h 18
0 h 19
0 h 20
0 h 21
0 h 22
0 h 23
0 h 24
0 h 25
0 h 26
0 h 27
0 h 28
0 h 29
0 h 30
0 h 31
0 h 32
0 h 33
0 h 34
0 h 35
0 h 36
0 h 37
0 h 38
0 h 39
0 h 40
0 h 41
0 h 42
0 h 43
0 h 44
1 cz 0 1
1 cz 4 5
1 cz 11 12
1 cz 15 16
1 cz 18 19
1 cz 22 23
1 cz 29 30
1 cz 33 34
1 cz 36 37
1 cz 40 41
2 cz 2 3
2 cz 6 7
2 cz 9 10
2 cz 13 14
2 cz 20 21
2 cz 24 25
2 cz 27 28
2 cz 31 32
2 cz 38 39
2 cz 42 43
2 t 0
2 t 1
2 t 4
2 t 5
2 t 11
2 t 12
2 t 15
2 t 16
2 t 18
2 t 19
2 t 22
2 t 23
2 t 29
2 t 30
2 t 33
2 t 34
2 t 36
2 t 37
2 t 40
2 t 41
3 cz 9 18
3 cz 28 37
3 cz 11 20
3 cz 30 39
3 cz 13 22
3 cz 32 41
3 cz 15 24
3 cz 34 43
3 cz 17 26
3 t 2
3 t 3
3 t 6
3 t 7
3 t 10
3 t 14
3 t 21
3 t 25
3 t 27
3 t 31
3 t 38
3 t 42
4 cz 27 36
4 cz 10 19
4 cz 29 38
4 cz 12 21
4 cz 31 40
4 cz 14 23
4 cz 33 42
4 cz 16 25
4 cz 35 44
4 t 9
4 y_1_2 11
4 t 13
4 y_1_2 15
4 t 17
4 x_1_2 18
4 t 20
4 x_1_2 22
4 t 24
4 t 26
4 t 28
4 y_1_2 30
4 t 32
4 x_1_2 34
4 y_1_2 37
4 t 39
4 x_1_2 41
4 t 43
5 cz 1 2
5 cz 5 6
5 cz 12 13
5 cz 16 17
5 cz 19 20
5 cz 23 24
5 cz 30 31
5 cz 34 35
5 cz 37 38
5 cz 41 42
5 x_1_2 10
5 y_1_2 14
5 y_1_2 21
5 y_1_2 25
5 x_1_2 27
5 y_1_2 29
5 y_1_2 33
5 x_1_2 36
5 y_1_2 40
5 t 44
6 cz 3 4
6 cz 7 8
6 cz 10 11
6 cz 14 15
6 cz 21 22
6 cz 25 26
6 cz 28 29
6 cz 32 33
6 cz 39 40
6 cz 43 44
6 y_1_2 1
6 y_1_2 2
6 y_1_2 5
6 x_1_2 6
6 y_1_2 12
6 y_1_2 13
6 y_1_2 16
6 x_1_2 17
6 x_1_2 19
6 x_1_2 20
6 y_1_2 23
6 y_1_2 24
6 x_1_2 30
6 x_1_2 31
6 y_1_2 34
6 t 35
6 t 37
6 y_1_2 38
6 y_1_2 41
6 x_1_2 42
7 cz 0 9
7 cz 19 28
7 cz 2 11
7 cz 21 30
7 cz 4 13
7 cz 23 32
7 cz 6 15
7 cz 25 34
7 cz 8 17
7 y_1_2 3
7 x_1_2 7
7 y_1_2 10
7 x_1_2 14
7 t 22
7 x_1_2 26
7 x_1_2 29
7 t 33
7 x_1_2 39
7 x_1_2 40
7 x_1_2 43
7 y_1_2 44
8 cz 18 27
8 cz 1 10
8 cz 20 29
8 cz 3 12
8 cz 22 31
8 cz 5 14
8 cz 24 33
8 cz 7 16
8 cz 26 35
8 x_1_2 0
8 x_1_2 2
8 y_1_2 4
8 t 6
8 t 8
8 x_1_2 9
8 t 11
8 x_1_2 13
8 x_1_2 15
8 t 17
8 y_1_2 19
8 x_1_2 21
8 x_1_2 23
8 x_1_2 25
8 y_1_2 28
8 y_1_2 30
8 y_1_2 32
8 x_1_2 34
9 cz 0 1
9 cz 4 5
9 cz 11 12
9 cz 15 16
9 cz 18 19
9 cz 22 23
9 cz 29 30
9 cz 33 34
9 cz 36 37
9 cz 40 41
9 t 3
9 y_1_2 7
9 t 10
9 y_1_2 14
9 t 20
9 t 24
9 t 26
9 y_1_2 27
9 y_1_2 31
9 x_1_2 35
10 cz 2 3
10 cz 6 7
10 cz 9 10
10 cz 13 14
10 cz 20 21
10 cz 24 25
10 cz 27 28
10 cz 31 32
10 cz 38 39
10 cz 42 43
10 t 0
10 x_1_2 1
10 x_1_2 4
10 x_1_2 5
10 y_1_2 11
10 x_1_2 12
10 y_1_2 15
10 x_1_2 16
10 t 18
10 x_1_2 19
10 x_1_2 22
10 y_1_2 23
10 y_1_2 29
10 x_1_2 30
10 y_1_2 33
10 y_1_2 34
10 y_1_2 36
10 x_1_2 37
10 y_1_2 40
10 x_1_2 41
11 cz 9 18
11 cz 28 37
11 cz 11 20
11 cz 30 39
11 cz 13 22
11 cz 32 41
11 cz 15 24
11 cz 34 43
11 cz 17 26
11 y_1_2 2
11 y_1_2 3
11 x_1_2 6
11 x_1_2 7
11 x_1_2 10
11 x_1_2 14
11 y_1_2 21
11 t 25
11 x_1_2 27
11 t 31
11 t 38
11 y_1_2 42
12 cz 27 36
12 cz 10 19
12 cz 29 38
12 cz 12 21
12 cz 31 40
12 cz 14 23
12 cz 33 42
12 cz 16 25
12 cz 35 44
12 t 9
12 x_1_2 11
12 t 13
12 t 15
12 y_1_2 17
12 x_1_2 18
12 y_1_2 20
12 y_1_2 22
12 y_1_2 24
12 y_1_2 26
12 t 28
12 y_1_2 30
12 x_1_2 32
12 x_1_2 34
12 t 37
12 t 39
12 y_1_2 41
12 t 43
13 cz 1 2
13 cz 5 6
13 cz 12 13
13 cz 16 17
13 cz 19 20
13 cz 23 24
13 cz 30 31
13 cz 34 35
13 cz 37 38
13 cz 41 42
13 t 10
13 y_1_2 14
13 t 21
13 x_1_2 25
13 t 27
13 x_1_2 29
13 x_1_2 33
13 t 36
13 t 40
13 t 44
14 cz 3 4
14 cz 7 8
14 cz 10 11
14 cz 14 15
14 cz 21 22
14 cz 25 26
14 cz 28 29
14 cz 32 33
14 cz 39 40
14 cz 43 44
14 t 1
14 t 2
14 y_1_2 5
14 t 6
14 t 12
14 y_1_2 13
14 t 16
14 t 17
14 y_1_2 19
14 t 20
14 t 23
14 x_1_2 24
14 x_1_2 30
14 y_1_2 31
14 t 34
14 y_1_2 35
14 y_1_2 37
14 x_1_2 38
14 x_1_2 41
14 x_1_2 42
15 cz 0 9
15 cz 19 28
15 cz 2 11
15 cz 21 30
15 cz 4 13
15 cz 23 32
15 cz 6 15
15 cz 25 34
15 cz 8 17
15 t 3
15 t 7
15 y_1_2 10
15 t 14
15 t 22
15 t 26
15 t 29
15 y_1_2 33
15 y_1_2 39
15 x_1_2 40
15 x_1_2 43
15 y_1_2 44
16 cz 18 27
16 cz 1 10
16 cz 20 29
16 cz 3 12
16 cz 22 31
16 cz 5 14
16 cz 24 33
16 cz 7 16
16 cz 26 35
16 x_1_2 0
16 y_1_2 2
16 t 4
16 y_1_2 6
16 x_1_2 8
16 x_1_2 9
16 t 11
16 t 13
16 y_1_2 15
16 x_1_2 17
16 t 19
16 x_1_2 21
16 y_1_2 23
16 y_1_2 25
16 y_1_2 28
16 y_1_2 30
16 t 32
16 x_1_2 34
17 cz 0 1
17 cz 4 5
17 cz 11 12
17 cz 15 16
17 cz 18 19
17 cz 22 23
17 cz 29 30
17 cz 33 34
17 cz 36 37
17 cz 40 41
17 y_1_2 3
17 x_1_2 7
17 t 10
17 x_1_2 14
17 x_1_2 20
17 y_1_2 24
17 x_1_2 26
17 y_1_2 27
17 x_1_2 31
17 t 35
18 cz 2 3
18 cz 6 7
18 cz 9 10
18 cz 13 14
18 cz 20 21
18 cz 24 25
18 cz 27 28
18 cz 31 32
18 cz 38 39
18 cz 42 43
18 t 0
18 y_1_2 1
18 x_1_2 4
18 x_1_2 5
18 x_1_2 11
18 x_1_2 12
18 t 15
18 x_1_2 16
18 y_1_2 18
18 x_1_2 19
18 y_1_2 22
18 x_1_2 23
18 y_1_2 29
18 t 30
18 t 33
18 t 34
18 y_1_2 36
18 x_1_2 37
18 y_1_2 40
18 t 41
19 cz 9 18
19 cz 28 37
19 cz 11 20
19 cz 30 39
19 cz 13 22
19 cz 32 41
19 cz 15 24
19 cz 34 43
19 cz 17 26
19 x_1_2 2
19 x_1_2 3
19 t 6
19 y_1_2 7
19 y_1_2 10
19 t 14
19 y_1_2 21
19 t 25
19 t 27
19 y_1_2 31
19 t 38
19 y_1_2 42
20 cz 27 36
20 cz 10 19
20 cz 29 38
20 cz 12 21
20 cz 31 40
20 cz 14 23
20 cz 33 42
20 cz 16 25
20 cz 35 44
20 y_1_2 9
20 t 11
20 x_1_2 13
20 y_1_2 15
20 y_1_2 17
20 t 18
20 y_1_2 20
20 t 22
20 x_1_2 24
20 t 26
20 t 28
20 x_1_2 30
20 x_1_2 32
20 y_1_2 34
20 y_1_2 37
20 t 39
20 y_1_2 41
20 y_1_2 43
21 cz 1 2
21 cz 5 6
21 cz 12 13
21 cz 16 17
21 cz 19 20
21 cz 23 24
21 cz 30 31
21 cz 34 35
21 cz 37 38
21 cz 41 42
21 t 10
21 y_1_2 14
21 t 21
21 x_1_2 25
21 x_1_2 27
21 x_1_2 29
21 y_1_2 33
21 x_1_2 36
21 x_1_2 40
21 x_1_2 44
22 cz 3 4
22 cz 7 8
22 cz 10 11
22 cz 14 15
22 cz 21 22
22 cz 25 26
22 cz 28 29
22 cz 32 33
22 cz 39 40
22 cz 43 44
22 t 1
22 y_1_2 2
22 y_1_2 5
22 y_1_2 6
22 y_1_2 12
22 y_1_2 13
22 y_1_2 16
22 t 17
22 y_1_2 19
22 t 20
22 y_1_2 23
22 t 24
22 t 30
22 t 31
22 x_1_2 34
22 y_1_2 35
22 t 37
22 y_1_2 38
22 t 41
22 t 42
23 cz 0 9
23 cz 19 28
23 cz 2 11
23 cz 21 30
23 cz 4 13
23 cz 23 32
23 cz 6 15
23 cz 25 34
23 cz 8 17
23 y_1_2 3
23 t 7
23 x_1_2 10
23 x_1_2 14
23 x_1_2 22
23 x_1_2 26
23 t 29
23 t 33
23 x_1_2 39
23 y_1_2 40
23 t 43
23 t 44
24 cz 18 27
24 cz 1 10
24 cz 20 29
24 cz 3 12
24 cz 22 31
24 cz 5 14
24 cz 24 33
24 cz 7 16
24 cz 26 35
24 x_1_2 0
24 t 2
24 t 4
24 x_1_2 6
24 t 8
24 x_1_2 9
24 y_1_2 11
24 t 13
24 t 15
24 y_1_2 17
24 t 19
24 x_1_2 21
24 x_1_2 23
24 y_1_2 25
24 y_1_2 28
24 y_1_2 30
24 t 32
24 y_1_2 34
25 cz 0 1
25 cz 4 5
25 cz 11 12
25 cz 15 16
25 cz 18 19
25 cz 22 23
25 cz 29 30
25 cz 33 34
25 cz 36 37
25 cz 40 41
25 x_1_2 3
25 x_1_2 7
25 t 10
25 y_1_2 14
25 x_1_2 20
25 x_1_2 24
25 t 26
25 y_1_2 27
25 x_1_2 31
25 t 35
26 cz 2 3
26 cz 6 7
26 cz 9 10
26 cz 13 14
26 cz 20 21
26 cz 24 25
26 cz 27 28
26 cz 31 32
26 cz 38 39
26 cz 42 43
26 y_1_2 0
26 y_1_2 1
26 x_1_2 4
26 t 5
26 x_1_2 11
26 t 12
26 y_1_2 15
26 t 16
26 x_1_2 18
26 x_1_2 19
26 y_1_2 22
26 y_1_2 23
26 y_1_2 29
26 t 30
26 y_1_2 33
26 t 34
26 t 36
26 x_1_2 37
26 t 40
26 y_1_2 41
27 cz 9 18
27 cz 28 37
27 cz 11 20
27 cz 30 39
27 cz 13 22
27 cz 32 41
27 cz 15 24
27 cz 34 43
27 cz 17 26
27 x_1_2 2
27 t 3
27 t 6
27 t 7
27 y_1_2 10
27 t 14
27 y_1_2 21
27 x_1_2 25
27 t 27
27 t 31
27 x_1_2 38
27 y_1_2 42
28 cz 27 36
28 cz 10 19
28 cz 29 38
28 cz 12 21
28 cz 31 40
28 cz 14 23
28 cz 33 42
28 cz 16 25
28 cz 35 44
28 t 9
28 y_1_2 11
28 x_1_2 13
28 t 15
28 t 17
28 y_1_2 18
28 t 20
28 x_1_2 22
28 t 24
28 x_1_2 26
28 x_1_2 28
28 y_1_2 30
28 y_1_2 32
28 x_1_2 34
28 t 37
28 t 39
28 x_1_2 41
28 y_1_2 43
29 cz 1 2
29 cz 5 6
29 cz 12 13
29 cz 16 17
29 cz 19 20
29 cz 23 24
29 cz 30 31
29 cz 34 35
29 cz 37 38
29 cz 41 42
29 x_1_2 10
29 y_1_2 14
29 x_1_2 21
29 t 25
29 x_1_2 27
29 x_1_2 29
29 t 33
29 x_1_2 36
29 x_1_2 40
29 x_1_2 44
30 cz 3 4
30 cz 7 8
30 cz 10 11
30 cz 14 15
30 cz 21 22
30 cz 25 26
30 cz 28 29
30 cz 32 33
30 cz 39 40
30 cz 43 44
30 x_1_2 1
30 t 2
30 x_1_2 5
30 x_1_2 6
30 y_1_2 12
30 y_1_2 13
30 y_1_2 16
30 y_1_2 17
30 y_1_2 19
30 y_1_2 20
30 x_1_2 23
30 y_1_2 24
30 x_1_2 30
30 y_1_2 31
30 y_1_2 34
30 y_1_2 35
30 x_1_2 37
30 y_1_2 38
30 y_1_2 41
30 x_1_2 42
31 cz 0 9
31 cz 19 28
31 cz 2 11
31 cz 21 30
31 cz 4 13
31 cz 23 32
31 cz 6 15
31 cz 25 34
31 cz 8 17
31 x_1_2 3
31 y_1_2 7
31 t 10
31 x_1_2 14
31 y_1_2 22
31 y_1_2 26
31 y_1_2 29
31 x_1_2 33
31 x_1_2 39
31 y_1_2 40
31 t 43
31 t 44
32 cz 18 27
32 cz 1 10
32 cz 20 29
32 cz 3 12
32 cz 22 31
32 cz 5 14
32 cz 24 33
32 cz 7 16
32 cz 26 35
32 x_1_2 0
32 y_1_2 2
32 t 4
32 t 6
32 y_1_2 8
32 x_1_2 9
32 x_1_2 11
32 t 13
32 x_1_2 15
32 x_1_2 17
32 t 19
32 t 21
32 t 23
32 x_1_2 25
32 y_1_2 28
32 y_1_2 30
32 x_1_2 32
32 t 34
33 cz 0 1
33 cz 4 5
33 cz 11 12
33 cz 15 16
33 cz 18 19
33 cz 22 23
33 cz 29 30
33 cz 33 34
33 cz 36 37
33 cz 40 41
33 y_1_2 3
33 t 7
33 y_1_2 10
33 t 14
33 t 20
33 t 24
33 t 26
33 t 27
33 x_1_2 31
33 x_1_2 35
34 cz 2 3
34 cz 6 7
34 cz 9 10
34 cz 13 14
34 cz 20 21
34 cz 24 25
34 cz 27 28
34 cz 31 32
34 cz 38 39
34 cz 42 43
34 t 0
34 y_1_2 1
34 x_1_2 4
34 t 5
34 y_1_2 11
34 t 12
34 y_1_2 15
34 x_1_2 16
34 t 18
34 y_1_2 19
34 t 22
34 x_1_2 23
34 x_1_2 29
34 x_1_2 30
34 y_1_2 33
34 x_1_2 34
34 y_1_2 36
34 y_1_2 37
34 x_1_2 40
34 x_1_2 41
35 cz 9 18
35 cz 28 37
35 cz 11 20
35 cz 30 39
35 cz 13 22
35 cz 32 41
35 cz 15 24
35 cz 34 43
35 cz 17 26
35 x_1_2 2
35 x_1_2 3
35 y_1_2 6
35 y_1_2 7
35 t 10
35 y_1_2 14
35 x_1_2 21
35 y_1_2 25
35 x_1_2 27
35 y_1_2 31
35 t 38
35 t 42
36 cz 27 36
36 cz 10 19
36 cz 29 38
36 cz 12 21
36 cz 31 40
36 cz 14 23
36 cz 33 42
36 cz 16 25
36 cz 35 44
36 y_1_2 9
36 t 11
36 y_1_2 13
36 x_1_2 15
36 y_1_2 17
36 y_1_2 18
36 x_1_2 20
36 x_1_2 22
36 y_1_2 24
36 y_1_2 26
36 x_1_2 28
36 y_1_2 30
36 t 32
36 t 34
36 t 37
36 t 39
36 y_1_2 41
36 y_1_2 43
37 cz 1 2
37 cz 5 6
37 cz 12 13
37 cz 16 17
37 cz 19 20
37 cz 23 24
37 cz 30 31
37 cz 34 35
37 cz 37 38
37 cz 41 42
37 y_1_2 10
37 t 14
37 t 21
37 x_1_2 25
37 y_1_2 27
37 t 29
37 t 33
37 x_1_2 36
37 t 40
37 y_1_2 44
38 cz 3 4
38 cz 7 8
38 cz 10 11
38 cz 14 15
38 cz 21 22
38 cz 25 26
38 cz 28 29
38 cz 32 33
38 cz 39 40
38 cz 43 44
38 x_1_2 1
38 y_1_2 2
38 x_1_2 5
38 t 6
38 x_1_2 12
38 t 13
38 t 16
38 t 17
38 x_1_2 19
38 y_1_2 20
38 t 23
38 x_1_2 24
38 t 30
38 t 31
38 y_1_2 34
38 y_1_2 35
38 x_1_2 37
38 x_1_2 38
38 t 41
38 x_1_2 42
39 cz 0 9
39 cz 19 28
39 cz 2 11
39 cz 21 30
39 cz 4 13
39 cz 23 32
39 cz 6 15
39 cz 25 34
39 cz 8 17
39 y_1_2 3
39 x_1_2 7
39 t 10
39 x_1_2 14
39 t 22
39 x_1_2 26
39 x_1_2 29
39 y_1_2 33
39 x_1_2 39
39 x_1_2 40
39 t 43
39 x_1_2 44
40 cz 18 27
40 cz 1 10
40 cz 20 29
40 cz 3 12
40 cz 22 31
40 cz 5 14
40 cz 24 33
40 cz 7 16
40 cz 26 35
40 y_1_2 0
40 x_1_2 2
40 t 4
40 y_1_2 6
40 t 8
40 x_1_2 9
40 x_1_2 11
40 y_1_2 13
40 y_1_2 15
40 y_1_2 17
40 t 19
40 x_1_2 21
40 y_1_2 23
40 t 25
40 t 28
40 x_1_2 30
40 x_1_2 32
40 t 34
41 cz 0 1
41 cz 4 5
41 cz 11 12
41 cz 15 16
41 cz 18 19
41 cz 22 23
41 cz 29 30
41 cz 33 34
41 cz 36 37
41 cz 40 41
41 t 3
41 t 7
41 x_1_2 10
41 y_1_2 14
41 x_1_2 20
41 t 24
41 t 26
41 x_1_2 27
41 x_1_2 31
41 t 35
42 cz 2 3
42 cz 6 7
42 cz 9 10
42 cz 13 14
42 cz 20 21
42 cz 24 25
42 cz 27 28
42 cz 31 32
42 cz 38 39
42 cz 42 43
42 t 0
42 y_1_2 1
42 x_1_2 4
42 t 5
42 t 11
42 y_1_2 12
42 t 15
42 x_1_2 16
42 t 18
42 x_1_2 19
42 y_1_2 22
42 x_1_2 23
42 t 29
42 y_1_2 30
42 x_1_2 33
42 y_1_2 34
42 t 36
42 t 37
42 y_1_2 40
42 x_1_2 41
43 cz 9 18
43 cz 28 37
43 cz 11 20
43 cz 30 39
43 cz 13 22
43 cz 32 41
43 cz 15 24
43 cz 34 43
43 cz 17 26
43 t 2
43 x_1_2 3
43 x_1_2 6
43 x_1_2 7
43 t 10
43 x_1_2 14
43 t 21
43 x_1_2 25
43 t 27
43 y_1_2 31
43 y_1_2 38
43 t 42
44 cz 27 36
44 cz 10 19
44 cz 29 38
44 cz 12 21
44 cz 31 40
44 cz 14 23
44 cz 33 42
44 cz 16 25
44 cz 35 44
44 t 9
44 y_1_2 11
44 x_1_2 13
44 y_1_2 15
44 t 17
44 y_1_2 18
44 t 20
44 x_1_2 22
44 y_1_2 24
44 x_1_2 26
44 y_1_2 28
44 t 30
44 y_1_2 32
44 t 34
44 y_1_2 37
44 t 39
44 t 41
44 y_1_2 43
45 cz 1 2
45 cz 5 6
45 cz 12 13
45 cz 16 17
45 cz 19 20
45 cz 23 24
45 cz 30 31
45 cz 34 35
45 cz 37 38
45 cz 41 42
45 y_1_2 10
45 t 14
45 x_1_2 21
45 t 25
45 x_1_2 27
45 y_1_2 29
45 y_1_2 33
45 y_1_2 36
45 t 40
45 y_1_2 44
46 cz 3 4
46 cz 7 8
46 cz 10 11
46 cz 14 15
46 cz 21 22
46 cz 25 26
46 cz 28 29
46 cz 32 33
46 cz 39 40
46 cz 43 44
46 t 1
46 x_1_2 2
46 y_1_2 5
46 t 6
46 x_1_2 12
46 t 13
46 t 16
46 x_1_2 17
46 y_1_2 19
46 y_1_2 20
46 y_1_2 23
46 x_1_2 24
46 x_1_2 30
46 x_1_2 31
46 x_1_2 34
46 y_1_2 35
46 x_1_2 37
46 t 38
46 x_1_2 41
46 y_1_2 42
47 cz 0 9
47 cz 19 28
47 cz 2 11
47 cz 21 30
47 cz 4 13
47 cz 23 32
47 cz 6 15
47 cz 25 34
47 cz 8 17
47 t 3
47 y_1_2 7
47 t 10
47 y_1_2 14
47 t 22
47 y_1_2 26
47 t 29
47 t 33
47 x_1_2 39
47 x_1_2 40
47 x_1_2 43
47 t 44
48 cz 18 27
48 cz 1 10
48 cz 20 29
48 cz 3 12
48 cz 22 31
48 cz 5 14
48 cz 24 33
48 cz 7 16
48 cz 26 35
48 y_1_2 0
48 t 2
48 t 4
48 y_1_2 6
48 x_1_2 8
48 y_1_2 9
48 t 11
48 x_1_2 13
48 x_1_2 15
48 t 17
48 x_1_2 19
48 t 21
48 x_1_2 23
48 y_1_2 25
48 x_1_2 28
48 y_1_2 30
48 t 32
48 t 34
49 cz 0 1
49 cz 4 5
49 cz 11 12
49 cz 15 16
49 cz 18 19
49 cz 22 23
49 cz 29 30
49 cz 33 34
49 cz 36 37
49 cz 40 41
49 y_1_2 3
49 x_1_2 7
49 y_1_2 10
49 x_1_2 14
49 x_1_2 20
49 t 24
49 x_1_2 26
49 t 27
49 t 31
49 t 35
50 cz 2 3
50 cz 6 7
50 cz 9 10
50 cz 13 14
50 cz 20 21
50 cz 24 25
50 cz 27 28
50 cz 31 32
50 cz 38 39
50 cz 42 43
50 t 0
50 x_1_2 1
50 x_1_2 4
50 x_1_2 5
50 x_1_2 11
50 t 12
50 y_1_2 15
50 y_1_2 16
50 t 18
50 y_1_2 19
50 x_1_2 22
50 y_1_2 23
50 x_1_2 29
50 x_1_2 30
50 x_1_2 33
50 x_1_2 34
50 t 36
50 y_1_2 37
50 y_1_2 40
50 t 41
51 cz 9 18
51 cz 28 37
51 cz 11 20
51 cz 30 39
51 cz 13 22
51 cz 32 41
51 cz 15 24
51 cz 34 43
51 cz 17 26
51 x_1_2 2
51 t 3
51 t 6
51 t 7
51 t 10
51 y_1_2 14
51 x_1_2 21
51 x_1_2 25
51 y_1_2 27
51 y_1_2 31
51 y_1_2 38
51 t 42
52 cz 27 36
52 cz 10 19
52 cz 29 38
52 cz 12 21
52 cz 31 40
52 cz 14 23
52 cz 33 42
52 cz 16 25
52 cz 35 44
52 x_1_2 9
52 t 11
52 t 13
52 x_1_2 15
52 y_1_2 17
52 y_1_2 18
52 y_1_2 20
52 y_1_2 22
52 y_1_2 24
52 y_1_2 26
52 t 28
52 y_1_2 30
52 x_1_2 32
52 t 34
52 t 37
52 t 39
52 x_1_2 41
52 y_1_2 43
53 cz 1 2
53 cz 5 6
53 cz 12 13
53 cz 16 17
53 cz 19 20
53 cz 23 24
53 cz 30 31
53 cz 34 35
53 cz 37 38
53 cz 41 42
53 x_1_2 10
53 x_1_2 14
53 y_1_2 21
53 y_1_2 25
53 t 27
53 y_1_2 29
53 t 33
53 x_1_2 36
53 t 40
53 y_1_2 44
54 cz 3 4
54 cz 7 8
54 cz 10 11
54 cz 14 15
54 cz 21 22
54 cz 25 26
54 cz 28 29
54 cz 32 33
54 cz 39 40
54 cz 43 44
54 y_1_2 1
54 t 2
54 t 5
54 x_1_2 6
54 x_1_2 12
54 x_1_2 13
54 t 16
54 t 17
54 x_1_2 19
54 t 20
54 t 23
54 x_1_2 24
54 x_1_2 30
54 t 31
54 y_1_2 34
54 x_1_2 35
54 x_1_2 37
54 x_1_2 38
54 t 41
54 y_1_2 42
55 cz 0 9
55 cz 19 28
55 cz 2 11
55 cz 21 30
55 cz 4 13
55 cz 23 32
55 cz 6 15
55 cz 25 34
55 cz 8 17
55 x_1_2 3
55 x_1_2 7
55 y_1_2 10
55 t 14
55 x_1_2 22
55 x_1_2 26
55 t 29
55 x_1_2 33
55 x_1_2 39
55 x_1_2 40
55 x_1_2 43
55 t 44
56 cz 18 27
56 cz 1 10
56 cz 20 29
56 cz 3 12
56 cz 22 31
56 cz 5 14
56 cz 24 33
56 cz 7 16
56 cz 26 35
56 y_1_2 0
56 x_1_2 2
56 t 4
56 t 6
56 y_1_2 8
56 y_1_2 9
56 x_1_2 11
56 t 13
56 t 15
56 x_1_2 17
56 y_1_2 19
56 x_1_2 21
56 x_1_2 23
56 t 25
56 y_1_2 28
56 t 30
56 y_1_2 32
56 t 34
57 cz 0 1
57 cz 4 5
57 cz 11 12
57 cz 15 16
57 cz 18 19
57 cz 22 23
57 cz 29 30
57 cz 33 34
57 cz 36 37
57 cz 40 41
57 t 3
57 t 7
57 x_1_2 10
57 y_1_2 14
57 x_1_2 20
57 t 24
57 t 26
57 y_1_2 27
57 x_1_2 31
57 y_1_2 35
58 cz 2 3
58 cz 6 7
58 cz 9 10
58 cz 13 14
58 cz 20 21
58 cz 24 25
58 cz 27 28
58 cz 31 32
58 cz 38 39
58 cz 42 43
58 t 0
58 t 1
58 y_1_2 4
58 y_1_2 5
58 y_1_2 11
58 y_1_2 12
58 y_1_2 15
58 x_1_2 16
58 x_1_2 18
58 t 19
58 y_1_2 22
58 t 23
58 y_1_2 29
58 y_1_2 30
58 y_1_2 33
58 x_1_2 34
58 y_1_2 36
58 t 37
58 y_1_2 40
58 y_1_2 41
59 cz 9 18
59 cz 28 37
59 cz 11 20
59 cz 30 39
59 cz 13 22
59 cz 32 41
59 cz 15 24
59 cz 34 43
59 cz 17 26
59 t 2
59 y_1_2 3
59 x_1_2 6
59 x_1_2 7
59 y_1_2 10
59 x_1_2 14
59 t 21
59 y_1_2 25
59 t 27
59 t 31
59 t 38
59 x_1_2 42
60 cz 27 36
60 cz 10 19
60 cz 29 38
60 cz 12 21
60 cz 31 40
60 cz 14 23
60 cz 33 42
60 cz 16 25
60 cz 35 44
60 x_1_2 9
60 t 11
60 y_1_2 13
60 x_1_2 15
60 y_1_2 17
60 y_1_2 18
60 y_1_2 20
60 t 22
60 y_1_2 24
60 y_1_2 26
60 x_1_2 28
60 t 30
60 x_1_2 32
60 y_1_2 34
60 y_1_2 37
60 t 39
60 x_1_2 41
60 y_1_2 43
61 cz 1 2
61 cz 5 6
61 cz 12 13
61 cz 16 17
61 cz 19 20
61 cz 23 24
61 cz 30 31
61 cz 34 35
61 cz 37 38
61 cz 41 42
61 t 10
61 t 14
61 x_1_2 21
61 t 25
61 y_1_2 27
61 x_1_2 29
61 t 33
61 x_1_2 36
61 t 40
61 x_1_2 44
62 cz 3 4
62 cz 7 8
62 cz 10 11
62 cz 14 15
62 cz 21 22
62 cz 25 26
62 cz 28 29
62 cz 32 33
62 cz 39 40
62 cz 43 44
62 y_1_2 1
62 x_1_2 2
62 x_1_2 5
62 y_1_2 6
62 x_1_2 12
62 x_1_2 13
62 t 16
62 t 17
62 x_1_2 19
62 x_1_2 20
62 y_1_2 23
62 t 24
62 x_1_2 30
62 y_1_2 31
62 x_1_2 34
62 t 35
62 x_1_2 37
62 x_1_2 38
62 t 41
62 y_1_2 42
63 cz 0 9
63 cz 19 28
63 cz 2 11
63 cz 21 30
63 cz 4 13
63 cz 23 32
63 cz 6 15
63 cz 25 34
63 cz 8 17
63 x_1_2 3
63 t 7
63 x_1_2 10
63 y_1_2 14
63 x_1_2 22
63 t 26
63 t 29
63 y_1_2 33
63 x_1_2 39
63 x_1_2 40
63 x_1_2 43
63 t 44
64 cz 18 27
64 cz 1 10
64 cz 20 29
64 cz 3 12
64 cz 22 31
64 cz 5 14
64 cz 24 33
64 cz 7 16
64 cz 26 35
64 y_1_2 0
64 t 2
64 t 4
64 t 6
64 t 8
64 t 9
64 y_1_2 11
64 y_1_2 13
64 t 15
64 x_1_2 17
64 t 19
64 y_1_2 21
64 x_1_2 23
64 y_1_2 25
64 t 28
64 t 30
64 y_1_2 32
64 t 34
65 cz 0 1
65 cz 4 5
65 cz 11 12
65 cz 15 16
65 cz 18 19
65 cz 22 23
65 cz 29 30
65 cz 33 34
65 cz 36 37
65 cz 40 41
65 t 3
65 x_1_2 7
65 t 10
65 x_1_2 14
65 y_1_2 20
65 y_1_2 24
65 x_1_2 26
65 t 27
65 x_1_2 31
65 y_1_2 35
66 cz 2 3
66 cz 6 7
66 cz 9 10
66 cz 13 14
66 cz 20 21
66 cz 24 25
66 cz 27 28
66 cz 31 32
66 cz 38 39
66 cz 42 43
66 t 0
66 t 1
66 y_1_2 4
66 t 5
66 x_1_2 11
66 y_1_2 12
66 x_1_2 15
66 x_1_2 16
66 x_1_2 18
66 y_1_2 19
66 y_1_2 22
66 t 23
66 x_1_2 29
66 y_1_2 30
66 t 33
66 y_1_2 34
66 y_1_2 36
66 t 37
66 y_1_2 40
66 x_1_2 41
67 cz 9 18
67 cz 28 37
67 cz 11 20
67 cz 30 39
67 cz 13 22
67 cz 32 41
67 cz 15 24
67 cz 34 43
67 cz 17 26
67 x_1_2 2
67 x_1_2 3
67 x_1_2 6
67 t 7
67 x_1_2 10
67 y_1_2 14
67 t 21
67 t 25
67 x_1_2 27
67 t 31
67 t 38
67 x_1_2 42
68 cz 27 36
68 cz 10 19
68 cz 29 38
68 cz 12 21
68 cz 31 40
68 cz 14 23
68 cz 33 42
68 cz 16 25
68 cz 35 44
68 y_1_2 9
68 y_1_2 11
68 x_1_2 13
68 y_1_2 15
68 t 17
68 y_1_2 18
68 t 20
68 x_1_2 22
68 t 24
68 t 26
68 x_1_2 28
68 x_1_2 30
68 t 32
68 x_1_2 34
68 y_1_2 37
68 y_1_2 39
68 t 41
68 y_1_2 43
69 cz 1 2
69 cz 5 6
69 cz 12 13
69 cz 16 17
69 cz 19 20
69 cz 23 24
69 cz 30 31
69 cz 34 35
69 cz 37 38
69 cz 41 42
69 t 10
69 x_1_2 14
69 x_1_2 21
69 y_1_2 25
69 y_1_2 27
69 t 29
69 y_1_2 33
69 t 36
69 x_1_2 40
69 y_1_2 44
70 cz 3 4
70 cz 7 8
70 cz 10 11
70 cz 14 15
70 cz 21 22
70 cz 25 26
70 cz 28 29
70 cz 32 33
70 cz 39 40
70 cz 43 44
70 y_1_2 1
70 y_1_2 2
70 y_1_2 5
70 t 6
70 x_1_2 12
70 y_1_2 13
70 t 16
70 y_1_2 17
70 t 19
70 y_1_2 20
70 y_1_2 23
70 y_1_2 24
70 t 30
70 y_1_2 31
70 t 34
70 x_1_2 35
70 x_1_2 37
70 y_1_2 38
70 x_1_2 41
70 t 42
71 cz 0 9
71 cz 19 28
71 cz 2 11
71 cz 21 30
71 cz 4 13
71 cz 23 32
71 cz 6 15
71 cz 25 34
71 cz 8 17
71 t 3
71 x_1_2 7
71 y_1_2 10
71 y_1_2 14
71 t 22
71 y_1_2 26
71 y_1_2 29
71 x_1_2 33
71 x_1_2 39
71 t 40
71 x_1_2 43
71 t 44
72 cz 18 27
72 cz 1 10
72 cz 20 29
72 cz 3 12
72 cz 22 31
72 cz 5 14
72 cz 24 33
72 cz 7 16
72 cz 26 35
72 y_1_2 0
72 t 2
72 t 4
72 y_1_2 6
72 x_1_2 8
72 t 9
72 x_1_2 11
72 x_1_2 13
72 x_1_2 15
72 x_1_2 17
72 x_1_2 19
72 t 21
72 t 23
72 x_1_2 25
72 y_1_2 28
72 y_1_2 30
72 y_1_2 32
72 y_1_2 34
73 cz 0 1
73 cz 4 5
73 cz 11 12
73 cz 15 16
73 cz 18 19
73 cz 22 23
73 cz 29 30
73 cz 33 34
73 cz 36 37
73 cz 40 41
73 y_1_2 3
73 t 7
73 x_1_2 10
73 x_1_2 14
73 x_1_2 20
73 x_1_2 24
73 t 26
73 x_1_2 27
73 x_1_2 31
73 y_1_2 35
74 cz 2 3
74 cz 6 7
74 cz 9 10
74 cz 13 14
74 cz 20 21
74 cz 24 25
74 cz 27 28
74 cz 31 32
74 cz 38 39
74 cz 42 43
74 t 0
74 x_1_2 1
74 y_1_2 4
74 t 5
74 y_1_2 11
74 y_1_2 12
74 t 15
74 x_1_2 16
74 x_1_2 18
74 y_1_2 19
74 y_1_2 22
74 y_1_2 23
74 x_1_2 29
74 t 30
74 y_1_2 33
74 t 34
74 y_1_2 36
74 t 37
74 y_1_2 40
74 y_1_2 41
75 cz 9 18
75 cz 28 37
75 cz 11 20
75 cz 30 39
75 cz 13 22
75 cz 32 41
75 cz 15 24
75 cz 34 43
75 cz 17 26
75 x_1_2 2
75 t 3
75 x_1_2 6
75 x_1_2 7
75 y_1_2 10
75 y_1_2 14
75 y_1_2 21
75 y_1_2 25
75 t 27
75 y_1_2 31
75 x_1_2 38
75 y_1_2 42
76 cz 27 36
76 cz 10 19
76 cz 29 38
76 cz 12 21
76 cz 31 40
76 cz 14 23
76 cz 33 42
76 cz 16 25
76 cz 35 44
76 y_1_2 9
76 t 11
76 y_1_2 13
76 y_1_2 15
76 y_1_2 17
76 t 18
76 t 20
76 t 22
76 t 24
76 y_1_2 26
76 t 28
76 y_1_2 30
76 x_1_2 32
76 x_1_2 34
76 y_1_2 37
76 t 39
76 t 41
76 y_1_2 43
77 cz 1 2
77 cz 5 6
77 cz 12 13
77 cz 16 17
77 cz 19 20
77 cz 23 24
77 cz 30 31
77 cz 34 35
77 cz 37 38
77 cz 41 42
77 t 10
77 x_1_2 14
77 t 21
77 t 25
77 x_1_2 27
77 y_1_2 29
77 t 33
77 x_1_2 36
77 t 40
77 x_1_2 44
78 cz 3 4
78 cz 7 8
78 cz 10 11
78 cz 14 15
78 cz 21 22
78 cz 25 26
78 cz 28 29
78 cz 32 33
78 cz 39 40
78 cz 43 44
78 t 1
78 t 2
78 y_1_2 5
78 t 6
78 x_1_2 12
78 x_1_2 13
78 y_1_2 16
78 t 17
78 x_1_2 19
78 y_1_2 20
78 x_1_2 23
78 x_1_2 24
78 x_1_2 30
78 x_1_2 31
78 t 34
78 t 35
78 t 37
78 t 38
78 x_1_2 41
78 t 42
79 cz 0 9
79 cz 19 28
79 cz 2 11
79 cz 21 30
79 cz 4 13
79 cz 23 32
79 cz 6 15
79 cz 25 34
79 cz 8 17
79 y_1_2 3
79 y_1_2 7
79 x_1_2 10
79 y_1_2 14
79 x_1_2 22
79 x_1_2 26
79 x_1_2 29
79 y_1_2 33
79 y_1_2 39
79 x_1_2 40
79 x_1_2 43
79 t 44
80 cz 18 27
80 cz 1 10
80 cz 20 29
80 cz 3 12
80 cz 22 31
80 cz 5 14
80 cz 24 33
80 cz 7 16
80 cz 26 35
80 y_1_2 0
80 y_1_2 2
80 t 4
80 x_1_2 6
80 y_1_2 8
80 t 9
80 x_1_2 11
80 y_1_2 13
80 x_1_2 15
80 x_1_2 17
80 y_1_2 19
80 y_1_2 21
80 t 23
80 y_1_2 25
80 y_1_2 28
80 t 30
80 y_1_2 32
80 y_1_2 34
81 cz 0 1
81 cz 4 5
81 cz 11 12
81 cz 15 16
81 cz 18 19
81 cz 22 23
81 cz 29 30
81 cz 33 34
81 cz 36 37
81 cz 40 41
81 t 3
81 x_1_2 7
81 t 10
81 t 14
81 t 20
81 t 24
81 t 26
81 y_1_2 27
81 t 31
81 y_1_2 35
82 cz 2 3
82 cz 6 7
82 cz 9 10
82 cz 13 14
82 cz 20 21
82 cz 24 25
82 cz 27 28
82 cz 31 32
82 cz 38 39
82 cz 42 43
82 x_1_2 0
82 y_1_2 1
82 x_1_2 4
82 x_1_2 5
82 t 11
82 t 12
82 t 15
82 t 16
82 y_1_2 18
82 x_1_2 19
82 y_1_2 22
82 y_1_2 23
82 t 29
82 x_1_2 30
82 t 33
82 x_1_2 34
82 t 36
82 y_1_2 37
82 t 40
82 t 41
83 cz 9 18
83 cz 28 37
83 cz 11 20
83 cz 30 39
83 cz 13 22
83 cz 32 41
83 cz 15 24
83 cz 34 43
83 cz 17 26
83 t 2
83 x_1_2 3
83 t 6
83 t 7
83 y_1_2 10
83 y_1_2 14
83 t 21
83 x_1_2 25
83 t 27
83 x_1_2 31
83 x_1_2 38
83 y_1_2 42
84 cz 27 36
84 cz 10 19
84 cz 29 38
84 cz 12 21
84 cz 31 40
84 cz 14 23
84 cz 33 42
84 cz 16 25
84 cz 35 44
84 y_1_2 9
84 y_1_2 11
84 x_1_2 13
84 y_1_2 15
84 t 17
84 t 18
84 y_1_2 20
84 t 22
84 x_1_2 24
84 x_1_2 26
84 t 28
84 t 30
84 t 32
84 y_1_2 34
84 x_1_2 37
84 t 39
84 x_1_2 41
84 y_1_2 43
85 cz 1 2
85 cz 5 6
85 cz 12 13
85 cz 16 17
85 cz 19 20
85 cz 23 24
85 cz 30 31
85 cz 34 35
85 cz 37 38
85 cz 41 42
85 x_1_2 10
85 t 14
85 x_1_2 21
85 t 25
85 y_1_2 27
85 y_1_2 29
85 y_1_2 33
85 x_1_2 36
85 y_1_2 40
85 x_1_2 44
86 cz 3 4
86 cz 7 8
86 cz 10 11
86 cz 14 15
86 cz 21 22
86 cz 25 26
86 cz 28 29
86 cz 32 33
86 cz 39 40
86 cz 43 44
86 x_1_2 1
86 x_1_2 2
86 y_1_2 5
86 x_1_2 6
86 x_1_2 12
86 y_1_2 13
86 y_1_2 16
86 x_1_2 17
86 t 19
86 t 20
86 t 23
86 y_1_2 24
86 x_1_2 30
86 t 31
86 x_1_2 34
86 x_1_2 35
86 t 37
86 y_1_2 38
86 y_1_2 41
86 x_1_2 42
87 cz 0 9
87 cz 19 28
87 cz 2 11
87 cz 21 30
87 cz 4 13
87 cz 23 32
87 cz 6 15
87 cz 25 34
87 cz 8 17
87 t 3
87 y_1_2 7
87 y_1_2 10
87 x_1_2 14
87 x_1_2 22
87 t 26
87 t 29
87 t 33
87 x_1_2 39
87 x_1_2 40
87 t 43
87 y_1_2 44
88 cz 18 27
88 cz 1 10
88 cz 20 29
88 cz 3 12
88 cz 22 31
88 cz 5 14
88 cz 24 33
88 cz 7 16
88 cz 26 35
88 t 0
88 y_1_2 2
88 t 4
88 y_1_2 6
88 t 8
88 t 9
88 x_1_2 11
88 x_1_2 13
88 t 15
88 y_1_2 17
88 y_1_2 19
88 t 21
88 y_1_2 23
88 x_1_2 25
88 y_1_2 28
88 y_1_2 30
88 y_1_2 32
88 t 34
89 cz 0 1
89 cz 4 5
89 cz 11 12
89 cz 15 16
89 cz 18 19
89 cz 22 23
89 cz 29 30
89 cz 33 34
89 cz 36 37
89 cz 40 41
89 x_1_2 3
89 t 7
89 x_1_2 10
89 t 14
89 x_1_2 20
89 t 24
89 y_1_2 26
89 x_1_2 27
89 x_1_2 31
89 t 35
90 cz 2 3
90 cz 6 7
90 cz 9 10
90 cz 13 14
90 cz 20 21
90 cz 24 25
90 cz 27 28
90 cz 31 32
90 cz 38 39
90 cz 42 43
90 y_1_2 0
90 y_1_2 1
90 x_1_2 4
90 t 5
90 t 11
90 t 12
90 x_1_2 15
90 x_1_2 16
90 x_1_2 18
90 x_1_2 19
90 y_1_2 22
90 x_1_2 23
90 y_1_2 29
90 t 30
90 x_1_2 33
90 y_1_2 34
90 t 36
90 x_1_2 37
90 t 40
90 t 41
91 cz 9 18
91 cz 28 37
91 cz 11 20
91 cz 30 39
91 cz 13 22
91 cz 32 41
91 cz 15 24
91 cz 34 43
91 cz 17 26
91 x_1_2 2
91 y_1_2 3
91 t 6
91 y_1_2 7
91 t 10
91 y_1_2 14
91 x_1_2 21
91 t 25
91 y_1_2 27
91 t 31
91 x_1_2 38
91 y_1_2 42
92 cz 27 36
92 cz 10 19
92 cz 29 38
92 cz 12 21
92 cz 31 40
92 cz 14 23
92 cz 33 42
92 cz 16 25
92 cz 35 44
92 y_1_2 9
92 x_1_2 11
92 t 13
92 t 15
92 x_1_2 17
92 y_1_2 18
92 t 20
92 x_1_2 22
92 y_1_2 24
92 t 26
92 x_1_2 28
92 y_1_2 30
92 x_1_2 32
92 x_1_2 34
92 t 37
92 y_1_2 39
92 x_1_2 41
92 y_1_2 43
93 cz 1 2
93 cz 5 6
93 cz 12 13
93 cz 16 17
93 cz 19 20
93 cz 23 24
93 cz 30 31
93 cz 34 35
93 cz 37 38
93 cz 41 42
93 x_1_2 10
93 x_1_2 14
93 t 21
93 x_1_2 25
93 x_1_2 27
93 t 29
93 y_1_2 33
93 x_1_2 36
93 x_1_2 40
93 x_1_2 44
94 cz 3 4
94 cz 7 8
94 cz 10 11
94 cz 14 15
94 cz 21 22
94 cz 25 26
94 cz 28 29
94 cz 32 33
94 cz 39 40
94 cz 43 44
94 t 1
94 t 2
94 x_1_2 5
94 x_1_2 6
94 y_1_2 12
94 y_1_2 13
94 y_1_2 16
94 y_1_2 17
94 y_1_2 19
94 x_1_2 20
94 t 23
94 t 24
94 x_1_2 30
94 y_1_2 31
94 t 34
94 y_1_2 35
94 y_1_2 37
94 y_1_2 38
94 t 41
94 t 42
95 cz 0 9
95 cz 19 28
95 cz 2 11
95 cz 21 30
95 cz 4 13
95 cz 23 32
95 cz 6 15
95 cz 25 34
95 cz 8 17
95 x_1_2 3
95 x_1_2 7
95 t 10
95 y_1_2 14
95 y_1_2 22
95 x_1_2 26
95 y_1_2 29
95 t 33
95 x_1_2 39
95 y_1_2 40
95 x_1_2 43
95 y_1_2 44
96 cz 18 27
96 cz 1 10
96 cz 20 29
96 cz 3 12
96 cz 22 31
96 cz 5 14
96 cz 24 33
96 cz 7 16
96 cz 26 35
96 t 0
96 y_1_2 2
96 y_1_2 4
96 t 6
96 y_1_2 8
96 x_1_2 9
96 y_1_2 11
96 x_1_2 13
96 y_1_2 15
96 x_1_2 17
96 t 19
96 x_1_2 21
96 y_1_2 23
96 y_1_2 25
96 y_1_2 28
96 y_1_2 30
96 y_1_2 32
96 y_1_2 34
97 cz 0 1
97 cz 4 5
97 cz 11 12
97 cz 15 16
97 cz 18 19
97 cz 22 23
97 cz 29 30
97 cz 33 34
97 cz 36 37
97 cz 40 41
97 t 3
97 y_1_2 7
97 y_1_2 10
97 t 14
97 y_1_2 20
97 y_1_2 24
97 t 26
97 y_1_2 27
97 t 31
97 x_1_2 35
98 cz 2 3
98 cz 6 7
98 cz 9 10
98 cz 13 14
98 cz 20 21
98 cz 24 25
98 cz 27 28
98 cz 31 32
98 cz 38 39
98 cz 42 43
98 y_1_2 0
98 x_1_2 1
98 t 4
98 t 5
98 x_1_2 11
98 t 12
98 t 15
98 x_1_2 16
98 x_1_2 18
98 y_1_2 19
98 x_1_2 22
98 t 23
98 x_1_2 29
98 x_1_2 30
98 x_1_2 33
98 x_1_2 34
98 y_1_2 36
98 x_1_2 37
98 x_1_2 40
98 y_1_2 41
99 cz 9 18
99 cz 28 37
99 cz 11 20
99 cz 30 39
99 cz 13 22
99 cz 32 41
99 cz 15 24
99 cz 34 43
99 cz 17 26
99 t 2
99 y_1_2 3
99 x_1_2 6
99 t 7
99 t 10
99 x_1_2 14
99 y_1_2 21
99 x_1_2 25
99 x_1_2 27
99 y_1_2 31
99 t 38
99 y_1_2 42
100 cz 27 36
100 cz 10 19
100 cz 29 38
100 cz 12 21
100 cz 31 40
100 cz 14 23
100 cz 33 42
100 cz 16 25
100 cz 35 44
100 t 9
100 y_1_2 11
100 t 13
100 x_1_2 15
100 t 17
100 y_1_2 18
100 t 20
100 y_1_2 22
100 t 24
100 x_1_2 26
100 x_1_2 28
100 t 30
100 x_1_2 32
100 y_1_2 34
100 t 37
100 t 39
100 t 41
100 t 43
