32
0 h 0
0 h 1
0 h 2
0 h 3
0 h 4
0 h 5
0 h 6
0 h 7
0 h 8
0 h 9
0 h 10
0 h 11
0 h 12
0 h 13
0 h 14
0 h 15
0 h 16
0 h 17
0 h 18
0 h 19
0 h 20
0 h 21
0 h 22
0 h 23
0 h 24
0 h 25
0 h 26
0 h 27
0 h 28
0 h 29
0 h 30
0 h 31
1 cz 0 1
1 cz 4 5
1 cz 10 11
1 cz 14 15
1 cz 16 17
1 cz 20 21
1 cz 26 27
1 cz 30 31
2 cz 2 3
2 cz 6 7
2 cz 8 9
2 cz 12 13
2 cz 18 19
2 cz 22 23
2 cz 24 25
2 cz 28 29
2 t 0
2 t 1
2 t 4
2 t 5
2 t 10
2 t 11
2 t 14
2 t 15
2 t 16
2 t 17
2 t 20
2 t 21
2 t 26
2 t 27
2 t 30
2 t 31
3 cz 8 16
3 cz 10 18
3 cz 12 20
3 cz 14 22
3 t 2
3 t 3
3 t 6
3 t 7
3 t 9
3 t 13
3 t 19
3 t 23
3 t 24
3 t 25
3 t 28
3 t 29
4 cz 9 17
4 cz 11 19
4 cz 13 21
4 cz 15 23
4 t 8
4 y_1_2 10
4 t 12
4 y_1_2 14
4 x_1_2 16
4 t 18
4 x_1_2 20
4 t 22
5 cz 1 2
5 cz 5 6
5 cz 11 12
5 cz 17 18
5 cz 21 22
5 cz 27 28
5 y_1_2 9
5 x_1_2 13
5 y_1_2 15
5 x_1_2 19
5 x_1_2 23
6 cz 3 4
6 cz 9 10
6 cz 13 14
6 cz 19 20
6 cz 25 26
6 cz 29 30
6 y_1_2 1
6 y_1_2 2
6 y_1_2 5
6 x_1_2 6
6 y_1_2 11
6 y_1_2 12
6 x_1_2 17
6 y_1_2 18
6 y_1_2 21
6 y_1_2 22
6 y_1_2 27
6 x_1_2 28
7 cz 0 8
7 cz 17 25
7 cz 2 10
7 cz 19 27
7 cz 4 12
7 cz 21 29
7 cz 6 14
7 cz 23 31
7 y_1_2 3
7 x_1_2 9
7 y_1_2 13
7 t 20
7 x_1_2 26
7 x_1_2 30
8 cz 16 24
8 cz 1 9
8 cz 18 26
8 cz 3 11
8 cz 20 28
8 cz 5 13
8 cz 22 30
8 cz 7 15
8 y_1_2 0
8 x_1_2 2
8 y_1_2 4
8 t 6
8 y_1_2 8
8 t 10
8 x_1_2 12
8 x_1_2 14
8 t 17
8 y_1_2 19
8 t 21
8 y_1_2 23
8 y_1_2 25
8 t 27
8 x_1_2 29
8 y_1_2 31
9 cz 0 1
9 cz 4 5
9 cz 10 11
9 cz 14 15
9 cz 16 17
9 cz 20 21
9 cz 26 27
9 cz 30 31
9 t 3
9 x_1_2 7
9 y_1_2 9
9 t 13
9 x_1_2 18
9 t 22
9 y_1_2 24
9 y_1_2 28
10 cz 2 3
10 cz 6 7
10 cz 8 9
10 cz 12 13
10 cz 18 19
10 cz 22 23
10 cz 24 25
10 cz 28 29
10 t 0
10 t 1
10 t 4
10 x_1_2 5
10 y_1_2 10
10 t 11
10 y_1_2 14
10 x_1_2 15
10 y_1_2 16
10 y_1_2 17
10 y_1_2 20
10 y_1_2 21
10 y_1_2 26
10 y_1_2 27
10 t 30
10 x_1_2 31
11 cz 8 16
11 cz 10 18
11 cz 12 20
11 cz 14 22
11 t 2
11 y_1_2 3
11 x_1_2 6
11 t 7
11 t 9
11 y_1_2 13
11 x_1_2 19
11 t 23
11 t 24
11 x_1_2 25
11 x_1_2 28
11 y_1_2 29
12 cz 9 17
12 cz 11 19
12 cz 13 21
12 cz 15 23
12 x_1_2 8
12 x_1_2 10
12 y_1_2 12
12 x_1_2 14
12 t 16
12 y_1_2 18
12 t 20
12 y_1_2 22
13 cz 1 2
13 cz 5 6
13 cz 11 12
13 cz 17 18
13 cz 21 22
13 cz 27 28
13 y_1_2 9
13 x_1_2 13
13 y_1_2 15
13 y_1_2 19
13 y_1_2 23
14 cz 3 4
14 cz 9 10
14 cz 13 14
14 cz 19 20
14 cz 25 26
14 cz 29 30
14 x_1_2 1
14 y_1_2 2
14 y_1_2 5
14 y_1_2 6
14 y_1_2 11
14 t 12
14 x_1_2 17
14 t 18
14 x_1_2 21
14 x_1_2 22
14 t 27
14 y_1_2 28
15 cz 0 8
15 cz 17 25
15 cz 2 10
15 cz 19 27
15 cz 4 12
15 cz 21 29
15 cz 6 14
15 cz 23 31
15 t 3
15 t 9
15 y_1_2 13
15 x_1_2 20
15 x_1_2 26
15 x_1_2 30
16 cz 16 24
16 cz 1 9
16 cz 18 26
16 cz 3 11
16 cz 20 28
16 cz 5 13
16 cz 22 30
16 cz 7 15
16 x_1_2 0
16 x_1_2 2
16 x_1_2 4
16 x_1_2 6
16 y_1_2 8
16 y_1_2 10
16 y_1_2 12
16 t 14
16 y_1_2 17
16 x_1_2 19
16 y_1_2 21
16 t 23
16 t 25
16 y_1_2 27
16 t 29
16 t 31
17 cz 0 1
17 cz 4 5
17 cz 10 11
17 cz 14 15
17 cz 16 17
17 cz 20 21
17 cz 26 27
17 cz 30 31
17 y_1_2 3
17 x_1_2 7
17 x_1_2 9
17 t 13
17 y_1_2 18
17 y_1_2 22
17 x_1_2 24
17 t 28
18 cz 2 3
18 cz 6 7
18 cz 8 9
18 cz 12 13
18 cz 18 19
18 cz 22 23
18 cz 24 25
18 cz 28 29
18 t 0
18 t 1
18 t 4
18 x_1_2 5
18 t 10
18 t 11
18 y_1_2 14
18 t 15
18 x_1_2 16
18 x_1_2 17
18 t 20
18 t 21
18 y_1_2 26
18 x_1_2 27
18 y_1_2 30
18 x_1_2 31
19 cz 8 16
19 cz 10 18
19 cz 12 20
19 cz 14 22
19 y_1_2 2
19 x_1_2 3
19 t 6
19 y_1_2 7
19 y_1_2 9
19 x_1_2 13
19 t 19
19 y_1_2 23
19 t 24
19 x_1_2 25
19 x_1_2 28
19 x_1_2 29
20 cz 9 17
20 cz 11 19
20 cz 13 21
20 cz 15 23
20 x_1_2 8
20 y_1_2 10
20 t 12
20 t 14
20 y_1_2 16
20 t 18
20 y_1_2 20
20 t 22
21 cz 1 2
21 cz 5 6
21 cz 11 12
21 cz 17 18
21 cz 21 22
21 cz 27 28
21 x_1_2 9
21 t 13
21 x_1_2 15
21 x_1_2 19
21 t 23
22 cz 3 4
22 cz 9 10
22 cz 13 14
22 cz 19 20
22 cz 25 26
22 cz 29 30
22 y_1_2 1
22 t 2
22 t 5
22 x_1_2 6
22 y_1_2 11
22 y_1_2 12
22 y_1_2 17
22 y_1_2 18
22 x_1_2 21
22 x_1_2 22
22 y_1_2 27
22 t 28
23 cz 0 8
23 cz 17 25
23 cz 2 10
23 cz 19 27
23 cz 4 12
23 cz 21 29
23 cz 6 14
23 cz 23 31
23 t 3
23 t 9
23 x_1_2 13
23 x_1_2 20
23 t 26
23 x_1_2 30
24 cz 16 24
24 cz 1 9
24 cz 18 26
24 cz 3 11
24 cz 20 28
24 cz 5 13
24 cz 22 30
24 cz 7 15
24 y_1_2 0
24 x_1_2 2
24 x_1_2 4
24 y_1_2 6
24 t 8
24 x_1_2 10
24 t 12
24 x_1_2 14
24 t 17
24 t 19
24 y_1_2 21
24 x_1_2 23
24 y_1_2 25
24 x_1_2 27
24 y_1_2 29
24 t 31
25 cz 0 1
25 cz 4 5
25 cz 10 11
25 cz 14 15
25 cz 16 17
25 cz 20 21
25 cz 26 27
25 cz 30 31
25 x_1_2 3
25 t 7
25 y_1_2 9
25 y_1_2 13
25 x_1_2 18
25 t 22
25 y_1_2 24
25 y_1_2 28
26 cz 2 3
26 cz 6 7
26 cz 8 9
26 cz 12 13
26 cz 18 19
26 cz 22 23
26 cz 24 25
26 cz 28 29
26 t 0
26 x_1_2 1
26 y_1_2 4
26 x_1_2 5
26 y_1_2 10
26 t 11
26 t 14
26 y_1_2 15
26 t 16
26 y_1_2 17
26 y_1_2 20
26 t 21
26 x_1_2 26
26 y_1_2 27
26 y_1_2 30
26 x_1_2 31
27 cz 8 16
27 cz 10 18
27 cz 12 20
27 cz 14 22
27 y_1_2 2
27 t 3
27 x_1_2 6
27 x_1_2 7
27 t 9
27 t 13
27 x_1_2 19
27 y_1_2 23
27 x_1_2 24
27 t 25
27 x_1_2 28
27 x_1_2 29
28 cz 9 17
28 cz 11 19
28 cz 13 21
28 cz 15 23
28 x_1_2 8
28 x_1_2 10
28 x_1_2 12
28 x_1_2 14
28 x_1_2 16
28 y_1_2 18
28 x_1_2 20
28 y_1_2 22
29 cz 1 2
29 cz 5 6
29 cz 11 12
29 cz 17 18
29 cz 21 22
29 cz 27 28
29 y_1_2 9
29 y_1_2 13
29 t 15
29 y_1_2 19
29 x_1_2 23
30 cz 3 4
30 cz 9 10
30 cz 13 14
30 cz 19 20
30 cz 25 26
30 cz 29 30
30 y_1_2 1
30 x_1_2 2
30 y_1_2 5
30 y_1_2 6
30 x_1_2 11
30 y_1_2 12
30 t 17
30 x_1_2 18
30 x_1_2 21
30 t 22
30 t 27
30 y_1_2 28
31 cz 0 8
31 cz 17 25
31 cz 2 10
31 cz 19 27
31 cz 4 12
31 cz 21 29
31 cz 6 14
31 cz 23 31
31 y_1_2 3
31 t 9
31 x_1_2 13
31 t 20
31 t 26
31 x_1_2 30
32 cz 16 24
32 cz 1 9
32 cz 18 26
32 cz 3 11
32 cz 20 28
32 cz 5 13
32 cz 22 30
32 cz 7 15
32 x_1_2 0
32 t 2
32 x_1_2 4
32 t 6
32 t 8
32 t 10
32 t 12
32 t 14
32 y_1_2 17
32 t 19
32 t 21
32 t 23
32 x_1_2 25
32 x_1_2 27
32 y_1_2 29
32 t 31
33 cz 0 1
33 cz 4 5
33 cz 10 11
33 cz 14 15
33 cz 16 17
33 cz 20 21
33 cz 26 27
33 cz 30 31
33 x_1_2 3
33 y_1_2 7
33 x_1_2 9
33 t 13
33 y_1_2 18
33 x_1_2 22
33 t 24
33 x_1_2 28
34 cz 2 3
34 cz 6 7
34 cz 8 9
34 cz 12 13
34 cz 18 19
34 cz 22 23
34 cz 24 25
34 cz 28 29
34 y_1_2 0
34 x_1_2 1
34 y_1_2 4
34 t 5
34 y_1_2 10
34 y_1_2 11
34 x_1_2 14
34 x_1_2 15
34 y_1_2 16
34 t 17
34 x_1_2 20
34 x_1_2 21
34 y_1_2 26
34 t 27
34 t 30
34 y_1_2 31
35 cz 8 16
35 cz 10 18
35 cz 12 20
35 cz 14 22
35 y_1_2 2
35 t 3
35 x_1_2 6
35 x_1_2 7
35 t 9
35 y_1_2 13
35 x_1_2 19
35 x_1_2 23
35 x_1_2 24
35 y_1_2 25
35 y_1_2 28
35 x_1_2 29
36 cz 9 17
36 cz 11 19
36 cz 13 21
36 cz 15 23
36 x_1_2 8
36 x_1_2 10
36 x_1_2 12
36 t 14
36 t 16
36 t 18
36 y_1_2 20
36 t 22
37 cz 1 2
37 cz 5 6
37 cz 11 12
37 cz 17 18
37 cz 21 22
37 cz 27 28
37 x_1_2 9
37 t 13
37 t 15
37 y_1_2 19
37 t 23
38 cz 3 4
38 cz 9 10
38 cz 13 14
38 cz 19 20
38 cz 25 26
38 cz 29 30
38 y_1_2 1
38 x_1_2 2
38 x_1_2 5
38 t 6
38 x_1_2 11
38 y_1_2 12
38 x_1_2 17
38 y_1_2 18
38 t 21
38 x_1_2 22
38 x_1_2 27
38 x_1_2 28
39 cz 0 8
39 cz 17 25
39 cz 2 10
39 cz 19 27
39 cz 4 12
39 cz 21 29
39 cz 6 14
39 cz 23 31
39 x_1_2 3
39 y_1_2 9
39 x_1_2 13
39 t 20
39 x_1_2 26
39 y_1_2 30
40 cz 16 24
40 cz 1 9
40 cz 18 26
40 cz 3 11
40 cz 20 28
40 cz 5 13
40 cz 22 30
40 cz 7 15
40 x_1_2 0
40 t 2
40 t 4
40 x_1_2 6
40 y_1_2 8
40 y_1_2 10
40 x_1_2 12
40 y_1_2 14
40 y_1_2 17
40 t 19
40 x_1_2 21
40 y_1_2 23
40 t 25
40 t 27
40 t 29
40 t 31
41 cz 0 1
41 cz 4 5
41 cz 10 11
41 cz 14 15
41 cz 16 17
41 cz 20 21
41 cz 26 27
41 cz 30 31
41 y_1_2 3
41 t 7
41 t 9
41 t 13
41 x_1_2 18
41 y_1_2 22
41 y_1_2 24
41 y_1_2 28
42 cz 2 3
42 cz 6 7
42 cz 8 9
42 cz 12 13
42 cz 18 19
42 cz 22 23
42 cz 24 25
42 cz 28 29
42 y_1_2 0
42 x_1_2 1
42 y_1_2 4
42 y_1_2 5
42 x_1_2 10
42 y_1_2 11
42 x_1_2 14
42 y_1_2 15
42 x_1_2 16
42 x_1_2 17
42 y_1_2 20
42 y_1_2 21
42 t 26
42 y_1_2 27
42 t 30
42 y_1_2 31
43 cz 8 16
43 cz 10 18
43 cz 12 20
43 cz 14 22
43 y_1_2 2
43 x_1_2 3
43 y_1_2 6
43 x_1_2 7
43 x_1_2 9
43 y_1_2 13
43 x_1_2 19
43 t 23
43 x_1_2 24
43 y_1_2 25
43 t 28
43 x_1_2 29
44 cz 9 17
44 cz 11 19
44 cz 13 21
44 cz 15 23
44 x_1_2 8
44 t 10
44 y_1_2 12
44 t 14
44 t 16
44 y_1_2 18
44 t 20
44 t 22
45 cz 1 2
45 cz 5 6
45 cz 11 12
45 cz 17 18
45 cz 21 22
45 cz 27 28
45 t 9
45 t 13
45 x_1_2 15
45 y_1_2 19
45 y_1_2 23
46 cz 3 4
46 cz 9 10
46 cz 13 14
46 cz 19 20
46 cz 25 26
46 cz 29 30
46 t 1
46 x_1_2 2
46 t 5
46 x_1_2 6
46 t 11
46 t 12
46 t 17
46 t 18
46 t 21
46 y_1_2 22
46 x_1_2 27
46 x_1_2 28
47 cz 0 8
47 cz 17 25
47 cz 2 10
47 cz 19 27
47 cz 4 12
47 cz 21 29
47 cz 6 14
47 cz 23 31
47 y_1_2 3
47 x_1_2 9
47 x_1_2 13
47 y_1_2 20
47 x_1_2 26
47 y_1_2 30
48 cz 16 24
48 cz 1 9
48 cz 18 26
48 cz 3 11
48 cz 20 28
48 cz 5 13
48 cz 22 30
48 cz 7 15
48 x_1_2 0
48 t 2
48 x_1_2 4
48 t 6
48 t 8
48 y_1_2 10
48 y_1_2 12
48 y_1_2 14
48 x_1_2 17
48 x_1_2 19
48 y_1_2 21
48 x_1_2 23
48 x_1_2 25
48 y_1_2 27
48 y_1_2 29
48 x_1_2 31
49 cz 0 1
49 cz 4 5
49 cz 10 11
49 cz 14 15
49 cz 16 17
49 cz 20 21
49 cz 26 27
49 cz 30 31
49 x_1_2 3
49 t 7
49 y_1_2 9
49 t 13
49 y_1_2 18
49 t 22
49 y_1_2 24
49 t 28
50 cz 2 3
50 cz 6 7
50 cz 8 9
50 cz 12 13
50 cz 18 19
50 cz 22 23
50 cz 24 25
50 cz 28 29
50 t 0
50 y_1_2 1
50 t 4
50 y_1_2 5
50 x_1_2 10
50 y_1_2 11
50 x_1_2 14
50 t 15
50 x_1_2 16
50 y_1_2 17
50 x_1_2 20
50 x_1_2 21
50 y_1_2 26
50 t 27
50 t 30
50 t 31
51 cz 8 16
51 cz 10 18
51 cz 12 20
51 cz 14 22
51 x_1_2 2
51 y_1_2 3
51 y_1_2 6
51 y_1_2 7
51 t 9
51 x_1_2 13
51 y_1_2 19
51 y_1_2 23
51 t 24
51 t 25
51 y_1_2 28
51 t 29
52 cz 9 17
52 cz 11 19
52 cz 13 21
52 cz 15 23
52 y_1_2 8
52 y_1_2 10
52 x_1_2 12
52 t 14
52 t 16
52 t 18
52 t 20
52 x_1_2 22
53 cz 1 2
53 cz 5 6
53 cz 11 12
53 cz 17 18
53 cz 21 22
53 cz 27 28
53 x_1_2 9
53 y_1_2 13
53 y_1_2 15
53 t 19
53 x_1_2 23
54 cz 3 4
54 cz 9 10
54 cz 13 14
54 cz 19 20
54 cz 25 26
54 cz 29 30
54 t 1
54 t 2
54 x_1_2 5
54 x_1_2 6
54 t 11
54 t 12
54 t 17
54 x_1_2 18
54 y_1_2 21
54 y_1_2 22
54 x_1_2 27
54 t 28
55 cz 0 8
55 cz 17 25
55 cz 2 10
55 cz 19 27
55 cz 4 12
55 cz 21 29
55 cz 6 14
55 cz 23 31
55 t 3
55 y_1_2 9
55 t 13
55 y_1_2 20
55 t 26
55 x_1_2 30
56 cz 16 24
56 cz 1 9
56 cz 18 26
56 cz 3 11
56 cz 20 28
56 cz 5 13
56 cz 22 30
56 cz 7 15
56 x_1_2 0
56 y_1_2 2
56 y_1_2 4
56 y_1_2 6
56 t 8
56 x_1_2 10
56 x_1_2 12
56 y_1_2 14
56 x_1_2 17
56 y_1_2 19
56 x_1_2 21
56 y_1_2 23
56 x_1_2 25
56 t 27
56 y_1_2 29
56 x_1_2 31
57 cz 0 1
57 cz 4 5
57 cz 10 11
57 cz 14 15
57 cz 16 17
57 cz 20 21
57 cz 26 27
57 cz 30 31
57 x_1_2 3
57 t 7
57 t 9
57 x_1_2 13
57 t 18
57 t 22
57 x_1_2 24
57 y_1_2 28
58 cz 2 3
58 cz 6 7
58 cz 8 9
58 cz 12 13
58 cz 18 19
58 cz 22 23
58 cz 24 25
58 cz 28 29
58 y_1_2 0
58 x_1_2 1
58 t 4
58 y_1_2 5
58 t 10
58 x_1_2 11
58 t 14
58 x_1_2 15
58 x_1_2 16
58 t 17
58 t 20
58 y_1_2 21
58 x_1_2 26
58 x_1_2 27
58 t 30
58 t 31
59 cz 8 16
59 cz 10 18
59 cz 12 20
59 cz 14 22
59 x_1_2 2
59 y_1_2 3
59 t 6
59 y_1_2 7
59 y_1_2 9
59 y_1_2 13
59 t 19
59 t 23
59 y_1_2 24
59 t 25
59 t 28
59 t 29
60 cz 9 17
60 cz 11 19
60 cz 13 21
60 cz 15 23
60 y_1_2 8
60 x_1_2 10
60 t 12
60 y_1_2 14
60 t 16
60 x_1_2 18
60 x_1_2 20
60 y_1_2 22
61 cz 1 2
61 cz 5 6
61 cz 11 12
61 cz 17 18
61 cz 21 22
61 cz 27 28
61 x_1_2 9
61 t 13
61 t 15
61 y_1_2 19
61 y_1_2 23
62 cz 3 4
62 cz 9 10
62 cz 13 14
62 cz 19 20
62 cz 25 26
62 cz 29 30
62 y_1_2 1
62 t 2
62 x_1_2 5
62 x_1_2 6
62 y_1_2 11
62 y_1_2 12
62 x_1_2 17
62 y_1_2 18
62 t 21
62 x_1_2 22
62 t 27
62 y_1_2 28
63 cz 0 8
63 cz 17 25
63 cz 2 10
63 cz 19 27
63 cz 4 12
63 cz 21 29
63 cz 6 14
63 cz 23 31
63 t 3
63 t 9
63 y_1_2 13
63 y_1_2 20
63 t 26
63 x_1_2 30
64 cz 16 24
64 cz 1 9
64 cz 18 26
64 cz 3 11
64 cz 20 28
64 cz 5 13
64 cz 22 30
64 cz 7 15
64 t 0
64 x_1_2 2
64 y_1_2 4
64 y_1_2 6
64 x_1_2 8
64 t 10
64 x_1_2 12
64 t 14
64 t 17
64 x_1_2 19
64 x_1_2 21
64 x_1_2 23
64 x_1_2 25
64 x_1_2 27
64 x_1_2 29
64 y_1_2 31
65 cz 0 1
65 cz 4 5
65 cz 10 11
65 cz 14 15
65 cz 16 17
65 cz 20 21
65 cz 26 27
65 cz 30 31
65 y_1_2 3
65 x_1_2 7
65 y_1_2 9
65 t 13
65 x_1_2 18
65 t 22
65 x_1_2 24
65 x_1_2 28
66 cz 2 3
66 cz 6 7
66 cz 8 9
66 cz 12 13
66 cz 18 19
66 cz 22 23
66 cz 24 25
66 cz 28 29
66 x_1_2 0
66 t 1
66 x_1_2 4
66 t 5
66 y_1_2 10
66 t 11
66 y_1_2 14
66 x_1_2 15
66 y_1_2 16
66 x_1_2 17
66 t 20
66 t 21
66 x_1_2 26
66 y_1_2 27
66 t 30
66 x_1_2 31
67 cz 8 16
67 cz 10 18
67 cz 12 20
67 cz 14 22
67 t 2
67 t 3
67 x_1_2 6
67 t 7
67 x_1_2 9
67 x_1_2 13
67 t 19
67 y_1_2 23
67 t 24
67 y_1_2 25
67 t 28
67 y_1_2 29
68 cz 9 17
68 cz 11 19
68 cz 13 21
68 cz 15 23
68 y_1_2 8
68 x_1_2 10
68 y_1_2 12
68 t 14
68 t 16
68 y_1_2 18
68 y_1_2 20
68 y_1_2 22
69 cz 1 2
69 cz 5 6
69 cz 11 12
69 cz 17 18
69 cz 21 22
69 cz 27 28
69 y_1_2 9
69 y_1_2 13
69 t 15
69 y_1_2 19
69 t 23
70 cz 3 4
70 cz 9 10
70 cz 13 14
70 cz 19 20
70 cz 25 26
70 cz 29 30
70 x_1_2 1
70 x_1_2 2
70 x_1_2 5
70 t 6
70 x_1_2 11
70 x_1_2 12
70 t 17
70 t 18
70 y_1_2 21
70 x_1_2 22
70 t 27
70 y_1_2 28
71 cz 0 8
71 cz 17 25
71 cz 2 10
71 cz 19 27
71 cz 4 12
71 cz 21 29
71 cz 6 14
71 cz 23 31
71 x_1_2 3
71 x_1_2 9
71 t 13
71 x_1_2 20
71 t 26
71 x_1_2 30
72 cz 16 24
72 cz 1 9
72 cz 18 26
72 cz 3 11
72 cz 20 28
72 cz 5 13
72 cz 22 30
72 cz 7 15
72 t 0
72 y_1_2 2
72 y_1_2 4
72 x_1_2 6
72 t 8
72 t 10
72 t 12
72 x_1_2 14
72 x_1_2 17
72 x_1_2 19
72 t 21
72 y_1_2 23
72 x_1_2 25
72 y_1_2 27
72 x_1_2 29
72 t 31
73 cz 0 1
73 cz 4 5
73 cz 10 11
73 cz 14 15
73 cz 16 17
73 cz 20 21
73 cz 26 27
73 cz 30 31
73 y_1_2 3
73 x_1_2 7
73 t 9
73 y_1_2 13
73 y_1_2 18
73 y_1_2 22
73 y_1_2 24
73 x_1_2 28
74 cz 2 3
74 cz 6 7
74 cz 8 9
74 cz 12 13
74 cz 18 19
74 cz 22 23
74 cz 24 25
74 cz 28 29
74 y_1_2 0
74 y_1_2 1
74 t 4
74 y_1_2 5
74 x_1_2 10
74 t 11
74 t 14
74 x_1_2 15
74 x_1_2 16
74 y_1_2 17
74 t 20
74 y_1_2 21
74 y_1_2 26
74 x_1_2 27
74 t 30
74 y_1_2 31
75 cz 8 16
75 cz 10 18
75 cz 12 20
75 cz 14 22
75 t 2
75 t 3
75 t 6
75 y_1_2 7
75 y_1_2 9
75 t 13
75 t 19
75 t 23
75 t 24
75 t 25
75 t 28
75 t 29
76 cz 9 17
76 cz 11 19
76 cz 13 21
76 cz 15 23
76 y_1_2 8
76 t 10
76 x_1_2 12
76 y_1_2 14
76 y_1_2 16
76 t 18
76 y_1_2 20
76 t 22
77 cz 1 2
77 cz 5 6
77 cz 11 12
77 cz 17 18
77 cz 21 22
77 cz 27 28
77 t 9
77 y_1_2 13
77 t 15
77 y_1_2 19
77 x_1_2 23
78 cz 3 4
78 cz 9 10
78 cz 13 14
78 cz 19 20
78 cz 25 26
78 cz 29 30
78 t 1
78 y_1_2 2
78 t 5
78 y_1_2 6
78 y_1_2 11
78 t 12
78 t 17
78 x_1_2 18
78 t 21
78 y_1_2 22
78 t 27
78 y_1_2 28
79 cz 0 8
79 cz 17 25
79 cz 2 10
79 cz 19 27
79 cz 4 12
79 cz 21 29
79 cz 6 14
79 cz 23 31
79 x_1_2 3
79 x_1_2 9
79 t 13
79 x_1_2 20
79 x_1_2 26
79 x_1_2 30
80 cz 16 24
80 cz 1 9
80 cz 18 26
80 cz 3 11
80 cz 20 28
80 cz 5 13
80 cz 22 30
80 cz 7 15
80 t 0
80 t 2
80 x_1_2 4
80 x_1_2 6
80 x_1_2 8
80 x_1_2 10
80 x_1_2 12
80 x_1_2 14
80 x_1_2 17
80 x_1_2 19
80 x_1_2 21
80 t 23
80 x_1_2 25
80 y_1_2 27
80 y_1_2 29
80 t 31
81 cz 0 1
81 cz 4 5
81 cz 10 11
81 cz 14 15
81 cz 16 17
81 cz 20 21
81 cz 26 27
81 cz 30 31
81 t 3
81 t 7
81 y_1_2 9
81 x_1_2 13
81 y_1_2 18
81 t 22
81 x_1_2 24
81 x_1_2 28
82 cz 2 3
82 cz 6 7
82 cz 8 9
82 cz 12 13
82 cz 18 19
82 cz 22 23
82 cz 24 25
82 cz 28 29
82 y_1_2 0
82 y_1_2 1
82 y_1_2 4
82 y_1_2 5
82 t 10
82 x_1_2 11
82 t 14
82 y_1_2 15
82 t 16
82 y_1_2 17
82 y_1_2 20
82 y_1_2 21
82 t 26
82 x_1_2 27
82 t 30
82 y_1_2 31
83 cz 8 16
83 cz 10 18
83 cz 12 20
83 cz 14 22
83 y_1_2 2
83 x_1_2 3
83 y_1_2 6
83 x_1_2 7
83 t 9
83 y_1_2 13
83 y_1_2 19
83 x_1_2 23
83 y_1_2 24
83 t 25
83 t 28
83 t 29
84 cz 9 17
84 cz 11 19
84 cz 13 21
84 cz 15 23
84 y_1_2 8
84 y_1_2 10
84 t 12
84 y_1_2 14
84 y_1_2 16
84 x_1_2 18
84 x_1_2 20
84 y_1_2 22
85 cz 1 2
85 cz 5 6
85 cz 11 12
85 cz 17 18
85 cz 21 22
85 cz 27 28
85 x_1_2 9
85 x_1_2 13
85 x_1_2 15
85 x_1_2 19
85 t 23
86 cz 3 4
86 cz 9 10
86 cz 13 14
86 cz 19 20
86 cz 25 26
86 cz 29 30
86 x_1_2 1
86 x_1_2 2
86 x_1_2 5
86 t 6
86 y_1_2 11
86 y_1_2 12
86 t 17
86 t 18
86 t 21
86 t 22
86 y_1_2 27
86 y_1_2 28
87 cz 0 8
87 cz 17 25
87 cz 2 10
87 cz 19 27
87 cz 4 12
87 cz 21 29
87 cz 6 14
87 cz 23 31
87 t 3
87 y_1_2 9
87 t 13
87 t 20
87 y_1_2 26
87 x_1_2 30
88 cz 16 24
88 cz 1 9
88 cz 18 26
88 cz 3 11
88 cz 20 28
88 cz 5 13
88 cz 22 30
88 cz 7 15
88 x_1_2 0
88 y_1_2 2
88 x_1_2 4
88 y_1_2 6
88 t 8
88 t 10
88 t 12
88 x_1_2 14
88 y_1_2 17
88 t 19
88 x_1_2 21
88 y_1_2 23
88 y_1_2 25
88 t 27
88 y_1_2 29
88 t 31
89 cz 0 1
89 cz 4 5
89 cz 10 11
89 cz 14 15
89 cz 16 17
89 cz 20 21
89 cz 26 27
89 cz 30 31
89 x_1_2 3
89 y_1_2 7
89 x_1_2 9
89 x_1_2 13
89 x_1_2 18
89 y_1_2 22
89 t 24
89 t 28
90 cz 2 3
90 cz 6 7
90 cz 8 9
90 cz 12 13
90 cz 18 19
90 cz 22 23
90 cz 24 25
90 cz 28 29
90 t 0
90 y_1_2 1
90 t 4
90 t 5
90 y_1_2 10
90 t 11
90 y_1_2 14
90 t 15
90 t 16
90 t 17
90 x_1_2 20
90 t 21
90 x_1_2 26
90 y_1_2 27
90 t 30
90 x_1_2 31
91 cz 8 16
91 cz 10 18
91 cz 12 20
91 cz 14 22
91 t 2
91 y_1_2 3
91 x_1_2 6
91 x_1_2 7
91 t 9
91 t 13
91 y_1_2 19
91 t 23
91 x_1_2 24
91 t 25
91 x_1_2 28
91 x_1_2 29
92 cz 9 17
92 cz 11 19
92 cz 13 21
92 cz 15 23
92 y_1_2 8
92 x_1_2 10
92 x_1_2 12
92 t 14
92 y_1_2 16
92 y_1_2 18
92 t 20
92 t 22
93 cz 1 2
93 cz 5 6
93 cz 11 12
93 cz 17 18
93 cz 21 22
93 cz 27 28
93 y_1_2 9
93 x_1_2 13
93 y_1_2 15
93 x_1_2 19
93 x_1_2 23
94 cz 3 4
94 cz 9 10
94 cz 13 14
94 cz 19 20
94 cz 25 26
94 cz 29 30
94 t 1
94 y_1_2 2
94 y_1_2 5
94 y_1_2 6
94 x_1_2 11
94 t 12
94 y_1_2 17
94 t 18
94 y_1_2 21
94 y_1_2 22
94 t 27
94 y_1_2 28
95 cz 0 8
95 cz 17 25
95 cz 2 10
95 cz 19 27
95 cz 4 12
95 cz 21 29
95 cz 6 14
95 cz 23 31
95 t 3
95 t 9
95 t 13
95 x_1_2 20
95 t 26
95 x_1_2 30
96 cz 16 24
96 cz 1 9
96 cz 18 26
96 cz 3 11
96 cz 20 28
96 cz 5 13
96 cz 22 30
96 cz 7 15
96 y_1_2 0
96 t 2
96 x_1_2 4
96 t 6
96 t 8
96 t 10
96 y_1_2 12
96 y_1_2 14
96 x_1_2 17
96 y_1_2 19
96 x_1_2 21
96 t 23
96 y_1_2 25
96 x_1_2 27
96 y_1_2 29
96 t 31
97 cz 0 1
97 cz 4 5
97 cz 10 11
97 cz 14 15
97 cz 16 17
97 cz 20 21
97 cz 26 27
97 cz 30 31
97 x_1_2 3
97 t 7
97 y_1_2 9
97 x_1_2 13
97 y_1_2 18
97 x_1_2 22
97 y_1_2 24
97 t 28
98 cz 2 3
98 cz 6 7
98 cz 8 9
98 cz 12 13
98 cz 18 19
98 cz 22 23
98 cz 24 25
98 cz 28 29
98 x_1_2 0
98 x_1_2 1
98 y_1_2 4
98 t 5
98 y_1_2 10
98 y_1_2 11
98 t 14
98 x_1_2 15
98 t 16
98 y_1_2 17
98 y_1_2 20
98 y_1_2 21
98 y_1_2 26
98 y_1_2 27
98 t 30
98 y_1_2 31
99 cz 8 16
99 cz 10 18
99 cz 12 20
99 cz 14 22
99 y_1_2 2
99 t 3
99 y_1_2 6
99 x_1_2 7
99 x_1_2 9
99 y_1_2 13
99 x_1_2 19
99 x_1_2 23
99 x_1_2 24
99 t 25
99 y_1_2 28
99 x_1_2 29
100 cz 9 17
100 cz 11 19
100 cz 13 21
100 cz 15 23
100 y_1_2 8
100 t 10
100 t 12
100 x_1_2 14
100 x_1_2 16
100 x_1_2 18
100 x_1_2 20
100 t 22
