64
0 h 0
0 h 1
0 h 2
0 h 3
0 h 4
0 h 5
0 h 6
0 h 7
0 h 8
0 h 9
0 h 10
0 h 11
0 h 12
0 h 13
0 h 14
0 h 15
0 h 16
0 h 17
0 h 18
0 h 19
0 h 20
0 h 21
0 h 22
0 h 23
0 h 24
0 h 25
0 h 26
0 h 27
0 h 28
0 h 29
0 h 30
0 h 31
0 h 32
0 h 33
0 h 34
0 h 35
0 h 36
0 h 37
0 h 38
0 h 39
0 h 40
0 h 41
0 h 42
0 h 43
0 h 44
0 h 45
0 h 46
0 h 47
0 h 48
0 h 49
0 h 50
0 h 51
0 h 52
0 h 53
0 h 54
0 h 55
0 h 56
0 h 57
0 h 58
0 h 59
0 h 60
0 h 61
0 h 62
0 h 63
1 cz 0 1
1 cz 4 5
1 cz 10 11
1 cz 14 15
1 cz 16 17
1 cz 20 21
1 cz 26 27
1 cz 30 31
1 cz 32 33
1 cz 36 37
1 cz 42 43
1 cz 46 47
1 cz 48 49
1 cz 52 53
1 cz 58 59
1 cz 62 63
2 cz 2 3
2 cz 6 7
2 cz 8 9
2 cz 12 13
2 cz 18 19
2 cz 22 23
2 cz 24 25
2 cz 28 29
2 cz 34 35
2 cz 38 39
2 cz 40 41
2 cz 44 45
2 cz 50 51
2 cz 54 55
2 cz 56 57
2 cz 60 61
2 t 0
2 t 1
2 t 4
2 t 5
2 t 10
2 t 11
2 t 14
2 t 15
2 t 16
2 t 17
2 t 20
2 t 21
2 t 26
2 t 27
2 t 30
2 t 31
2 t 32
2 t 33
2 t 36
2 t 37
2 t 42
2 t 43
2 t 46
2 t 47
2 t 48
2 t 49
2 t 52
2 t 53
2 t 58
2 t 59
2 t 62
2 t 63
3 cz 8 16
3 cz 10 18
3 cz 12 20
3 cz 14 22
3 cz 25 33
3 cz 27 35
3 cz 29 37
3 cz 31 39
3 cz 40 48
3 cz 42 50
3 cz 44 52
3 cz 46 54
3 t 2
3 t 3
3 t 6
3 t 7
3 t 9
3 t 13
3 t 19
3 t 23
3 t 24
3 t 28
3 t 34
3 t 38
3 t 41
3 t 45
3 t 51
3 t 55
3 t 56
3 t 57
3 t 60
3 t 61
4 cz 9 17
4 cz 11 19
4 cz 13 21
4 cz 15 23
4 cz 24 32
4 cz 26 34
4 cz 28 36
4 cz 30 38
4 cz 41 49
4 cz 43 51
4 cz 45 53
4 cz 47 55
4 t 8
4 x_1_2 10
4 t 12
4 y_1_2 14
4 y_1_2 16
4 t 18
4 x_1_2 20
4 t 22
4 t 25
4 x_1_2 27
4 t 29
4 y_1_2 31
4 y_1_2 33
4 t 35
4 x_1_2 37
4 t 39
4 t 40
4 x_1_2 42
4 t 44
4 x_1_2 46
4 y_1_2 48
4 t 50
4 y_1_2 52
4 t 54
5 cz 1 2
5 cz 5 6
5 cz 11 12
5 cz 17 18
5 cz 21 22
5 cz 27 28
5 cz 33 34
5 cz 37 38
5 cz 43 44
5 cz 49 50
5 cz 53 54
5 cz 59 60
5 y_1_2 9
5 y_1_2 13
5 y_1_2 15
5 x_1_2 19
5 y_1_2 23
5 y_1_2 24
5 x_1_2 26
5 x_1_2 30
5 x_1_2 32
5 y_1_2 36
5 x_1_2 41
5 x_1_2 45
5 x_1_2 47
5 x_1_2 51
5 y_1_2 55
6 cz 3 4
6 cz 9 10
6 cz 13 14
6 cz 19 20
6 cz 25 26
6 cz 29 30
6 cz 35 36
6 cz 41 42
6 cz 45 46
6 cz 51 52
6 cz 57 58
6 cz 61 62
6 y_1_2 1
6 x_1_2 2
6 y_1_2 5
6 y_1_2 6
6 x_1_2 11
6 y_1_2 12
6 y_1_2 17
6 x_1_2 18
6 x_1_2 21
6 y_1_2 22
6 t 27
6 y_1_2 28
6 t 33
6 x_1_2 34
6 t 37
6 x_1_2 38
6 x_1_2 43
6 x_1_2 44
6 y_1_2 49
6 x_1_2 50
6 y_1_2 53
6 y_1_2 54
6 y_1_2 59
6 x_1_2 60
7 cz 0 8
7 cz 2 10
7 cz 4 12
7 cz 6 14
7 cz 17 25
7 cz 19 27
7 cz 21 29
7 cz 23 31
7 cz 32 40
7 cz 34 42
7 cz 36 44
7 cz 38 46
7 cz 49 57
7 cz 51 59
7 cz 53 61
7 cz 55 63
7 x_1_2 3
7 t 9
7 t 13
7 t 20
7 y_1_2 26
7 y_1_2 30
7 x_1_2 35
7 t 41
7 y_1_2 45
7 t 52
7 x_1_2 58
7 x_1_2 62
8 cz 1 9
8 cz 3 11
8 cz 5 13
8 cz 7 15
8 cz 16 24
8 cz 18 26
8 cz 20 28
8 cz 22 30
8 cz 33 41
8 cz 35 43
8 cz 37 45
8 cz 39 47
8 cz 48 56
8 cz 50 58
8 cz 52 60
8 cz 54 62
8 x_1_2 0
8 t 2
8 x_1_2 4
8 t 6
8 y_1_2 8
8 t 10
8 t 12
8 x_1_2 14
8 t 17
8 y_1_2 19
8 t 21
8 t 23
8 y_1_2 25
8 x_1_2 27
8 x_1_2 29
8 x_1_2 31
8 t 32
8 t 34
8 x_1_2 36
8 t 38
8 x_1_2 40
8 t 42
8 y_1_2 44
8 y_1_2 46
8 x_1_2 49
8 t 51
8 t 53
8 t 55
8 y_1_2 57
8 t 59
8 y_1_2 61
8 y_1_2 63
9 cz 0 1
9 cz 4 5
9 cz 10 11
9 cz 14 15
9 cz 16 17
9 cz 20 21
9 cz 26 27
9 cz 30 31
9 cz 32 33
9 cz 36 37
9 cz 42 43
9 cz 46 47
9 cz 48 49
9 cz 52 53
9 cz 58 59
9 cz 62 63
9 y_1_2 3
9 y_1_2 7
9 y_1_2 9
9 x_1_2 13
9 y_1_2 18
9 t 22
9 x_1_2 24
9 x_1_2 28
9 t 35
9 y_1_2 39
9 y_1_2 41
9 t 45
9 y_1_2 50
9 x_1_2 54
9 y_1_2 56
9 t 60
10 cz 2 3
10 cz 6 7
10 cz 8 9
10 cz 12 13
10 cz 18 19
10 cz 22 23
10 cz 24 25
10 cz 28 29
10 cz 34 35
10 cz 38 39
10 cz 40 41
10 cz 44 45
10 cz 50 51
10 cz 54 55
10 cz 56 57
10 cz 60 61
10 y_1_2 0
10 x_1_2 1
10 y_1_2 4
10 t 5
10 y_1_2 10
10 y_1_2 11
10 t 14
10 x_1_2 15
10 t 16
10 y_1_2 17
10 x_1_2 20
10 y_1_2 21
10 x_1_2 26
10 y_1_2 27
10 x_1_2 30
10 y_1_2 31
10 x_1_2 32
10 x_1_2 33
10 y_1_2 36
10 x_1_2 37
10 x_1_2 42
10 t 43
10 t 46
10 y_1_2 47
10 x_1_2 48
10 y_1_2 49
10 y_1_2 52
10 y_1_2 53
10 y_1_2 58
10 y_1_2 59
10 y_1_2 62
10 x_1_2 63
11 cz 8 16
11 cz 10 18
11 cz 12 20
11 cz 14 22
11 cz 25 33
11 cz 27 35
11 cz 29 37
11 cz 31 39
11 cz 40 48
11 cz 42 50
11 cz 44 52
11 cz 46 54
11 y_1_2 2
11 x_1_2 3
11 x_1_2 6
11 x_1_2 7
11 x_1_2 9
11 t 13
11 t 19
11 x_1_2 23
11 y_1_2 24
11 t 28
11 x_1_2 34
11 y_1_2 38
11 t 41
11 y_1_2 45
11 y_1_2 51
11 x_1_2 55
11 x_1_2 56
11 x_1_2 57
11 y_1_2 60
11 x_1_2 61
12 cz 9 17
12 cz 11 19
12 cz 13 21
12 cz 15 23
12 cz 24 32
12 cz 26 34
12 cz 28 36
12 cz 30 38
12 cz 41 49
12 cz 43 51
12 cz 45 53
12 cz 47 55
12 t 8
12 t 10
12 x_1_2 12
12 x_1_2 14
12 x_1_2 16
12 x_1_2 18
12 t 20
12 x_1_2 22
12 x_1_2 25
12 t 27
12 t 29
12 x_1_2 31
12 t 33
12 x_1_2 35
12 y_1_2 37
12 x_1_2 39
12 y_1_2 40
12 t 42
12 x_1_2 44
12 x_1_2 46
12 t 48
12 t 50
12 t 52
12 t 54
13 cz 1 2
13 cz 5 6
13 cz 11 12
13 cz 17 18
13 cz 21 22
13 cz 27 28
13 cz 33 34
13 cz 37 38
13 cz 43 44
13 cz 49 50
13 cz 53 54
13 cz 59 60
13 y_1_2 9
13 y_1_2 13
13 y_1_2 15
13 y_1_2 19
13 t 23
13 t 24
13 y_1_2 26
13 y_1_2 30
13 t 32
13 t 36
13 y_1_2 41
13 t 45
13 t 47
13 t 51
13 t 55
14 cz 3 4
14 cz 9 10
14 cz 13 14
14 cz 19 20
14 cz 25 26
14 cz 29 30
14 cz 35 36
14 cz 41 42
14 cz 45 46
14 cz 51 52
14 cz 57 58
14 cz 61 62
14 y_1_2 1
14 t 2
14 y_1_2 5
14 t 6
14 x_1_2 11
14 t 12
14 t 17
14 t 18
14 x_1_2 21
14 y_1_2 22
14 y_1_2 27
14 x_1_2 28
14 y_1_2 33
14 t 34
14 t 37
14 x_1_2 38
14 y_1_2 43
14 t 44
14 t 49
14 y_1_2 50
14 x_1_2 53
14 x_1_2 54
14 t 59
14 x_1_2 60
15 cz 0 8
15 cz 2 10
15 cz 4 12
15 cz 6 14
15 cz 17 25
15 cz 19 27
15 cz 21 29
15 cz 23 31
15 cz 32 40
15 cz 34 42
15 cz 36 44
15 cz 38 46
15 cz 49 57
15 cz 51 59
15 cz 53 61
15 cz 55 63
15 y_1_2 3
15 t 9
15 t 13
15 y_1_2 20
15 x_1_2 26
15 x_1_2 30
15 y_1_2 35
15 x_1_2 41
15 y_1_2 45
15 x_1_2 52
15 t 58
15 x_1_2 62
16 cz 1 9
16 cz 3 11
16 cz 5 13
16 cz 7 15
16 cz 16 24
16 cz 18 26
16 cz 20 28
16 cz 22 30
16 cz 33 41
16 cz 35 43
16 cz 37 45
16 cz 39 47
16 cz 48 56
16 cz 50 58
16 cz 52 60
16 cz 54 62
16 x_1_2 0
16 x_1_2 2
16 t 4
16 x_1_2 6
16 y_1_2 8
16 x_1_2 10
16 x_1_2 12
16 t 14
16 x_1_2 17
16 t 19
16 y_1_2 21
16 y_1_2 23
16 y_1_2 25
16 x_1_2 27
16 y_1_2 29
16 t 31
16 y_1_2 32
16 x_1_2 34
16 y_1_2 36
16 y_1_2 38
16 t 40
16 x_1_2 42
16 y_1_2 44
16 t 46
16 y_1_2 49
16 y_1_2 51
16 y_1_2 53
16 x_1_2 55
16 y_1_2 57
16 x_1_2 59
16 y_1_2 61
16 y_1_2 63
17 cz 0 1
17 cz 4 5
17 cz 10 11
17 cz 14 15
17 cz 16 17
17 cz 20 21
17 cz 26 27
17 cz 30 31
17 cz 32 33
17 cz 36 37
17 cz 42 43
17 cz 46 47
17 cz 48 49
17 cz 52 53
17 cz 58 59
17 cz 62 63
17 x_1_2 3
17 t 7
17 x_1_2 9
17 x_1_2 13
17 y_1_2 18
17 t 22
17 x_1_2 24
17 y_1_2 28
17 x_1_2 35
17 y_1_2 39
17 t 41
17 x_1_2 45
17 x_1_2 50
17 t 54
17 y_1_2 56
17 y_1_2 60
18 cz 2 3
18 cz 6 7
18 cz 8 9
18 cz 12 13
18 cz 18 19
18 cz 22 23
18 cz 24 25
18 cz 28 29
18 cz 34 35
18 cz 38 39
18 cz 40 41
18 cz 44 45
18 cz 50 51
18 cz 54 55
18 cz 56 57
18 cz 60 61
18 y_1_2 0
18 t 1
18 x_1_2 4
18 t 5
18 y_1_2 10
18 t 11
18 x_1_2 14
18 x_1_2 15
18 y_1_2 16
18 y_1_2 17
18 t 20
18 t 21
18 t 26
18 y_1_2 27
18 y_1_2 30
18 y_1_2 31
18 t 32
18 x_1_2 33
18 x_1_2 36
18 x_1_2 37
18 t 42
18 x_1_2 43
18 x_1_2 46
18 y_1_2 47
18 y_1_2 48
18 t 49
18 y_1_2 52
18 x_1_2 53
18 y_1_2 58
18 y_1_2 59
18 t 62
18 x_1_2 63
19 cz 8 16
19 cz 10 18
19 cz 12 20
19 cz 14 22
19 cz 25 33
19 cz 27 35
19 cz 29 37
19 cz 31 39
19 cz 40 48
19 cz 42 50
19 cz 44 52
19 cz 46 54
19 t 2
19 t 3
19 y_1_2 6
19 y_1_2 7
19 y_1_2 9
19 t 13
19 y_1_2 19
19 t 23
19 t 24
19 x_1_2 28
19 y_1_2 34
19 x_1_2 38
19 y_1_2 41
19 t 45
19 t 51
19 y_1_2 55
19 t 56
19 t 57
19 x_1_2 60
19 x_1_2 61
20 cz 9 17
20 cz 11 19
20 cz 13 21
20 cz 15 23
20 cz 24 32
20 cz 26 34
20 cz 28 36
20 cz 30 38
20 cz 41 49
20 cz 43 51
20 cz 45 53
20 cz 47 55
20 t 8
20 x_1_2 10
20 y_1_2 12
20 y_1_2 14
20 x_1_2 16
20 t 18
20 y_1_2 20
20 y_1_2 22
20 t 25
20 x_1_2 27
20 t 29
20 x_1_2 31
20 y_1_2 33
20 t 35
20 y_1_2 37
20 x_1_2 39
20 y_1_2 40
20 y_1_2 42
20 t 44
20 t 46
20 t 48
20 y_1_2 50
20 t 52
20 x_1_2 54
21 cz 1 2
21 cz 5 6
21 cz 11 12
21 cz 17 18
21 cz 21 22
21 cz 27 28
21 cz 33 34
21 cz 37 38
21 cz 43 44
21 cz 49 50
21 cz 53 54
21 cz 59 60
21 x_1_2 9
21 x_1_2 13
21 y_1_2 15
21 t 19
21 y_1_2 23
21 x_1_2 24
21 x_1_2 26
21 t 30
21 x_1_2 32
21 y_1_2 36
21 t 41
21 x_1_2 45
21 t 47
21 x_1_2 51
21 x_1_2 55
22 cz 3 4
22 cz 9 10
22 cz 13 14
22 cz 19 20
22 cz 25 26
22 cz 29 30
22 cz 35 36
22 cz 41 42
22 cz 45 46
22 cz 51 52
22 cz 57 58
22 cz 61 62
22 x_1_2 1
22 x_1_2 2
22 x_1_2 5
22 x_1_2 6
22 y_1_2 11
22 x_1_2 12
22 t 17
22 x_1_2 18
22 y_1_2 21
22 x_1_2 22
22 t 27
22 y_1_2 28
22 x_1_2 33
22 t 34
22 t 37
22 y_1_2 38
22 t 43
22 x_1_2 44
22 y_1_2 49
22 x_1_2 50
22 t 53
22 t 54
22 t 59
22 y_1_2 60
23 cz 0 8
23 cz 2 10
23 cz 4 12
23 cz 6 14
23 cz 17 25
23 cz 19 27
23 cz 21 29
23 cz 23 31
23 cz 32 40
23 cz 34 42
23 cz 36 44
23 cz 38 46
23 cz 49 57
23 cz 51 59
23 cz 53 61
23 cz 55 63
23 y_1_2 3
23 y_1_2 9
23 t 13
23 x_1_2 20
23 t 26
23 y_1_2 30
23 x_1_2 35
23 x_1_2 41
23 y_1_2 45
23 x_1_2 52
23 t 58
23 x_1_2 62
24 cz 1 9
24 cz 3 11
24 cz 5 13
24 cz 7 15
24 cz 16 24
24 cz 18 26
24 cz 20 28
24 cz 22 30
24 cz 33 41
24 cz 35 43
24 cz 37 45
24 cz 39 47
24 cz 48 56
24 cz 50 58
24 cz 52 60
24 cz 54 62
24 t 0
24 t 2
24 y_1_2 4
24 t 6
24 y_1_2 8
24 t 10
24 y_1_2 12
24 t 14
24 x_1_2 17
24 x_1_2 19
24 t 21
24 x_1_2 23
24 x_1_2 25
24 x_1_2 27
24 x_1_2 29
24 t 31
24 y_1_2 32
24 x_1_2 34
24 x_1_2 36
24 t 38
24 t 40
24 t 42
24 y_1_2 44
24 x_1_2 46
24 x_1_2 49
24 t 51
24 y_1_2 53
24 t 55
24 x_1_2 57
24 y_1_2 59
24 t 61
24 t 63
25 cz 0 1
25 cz 4 5
25 cz 10 11
25 cz 14 15
25 cz 16 17
25 cz 20 21
25 cz 26 27
25 cz 30 31
25 cz 32 33
25 cz 36 37
25 cz 42 43
25 cz 46 47
25 cz 48 49
25 cz 52 53
25 cz 58 59
25 cz 62 63
25 x_1_2 3
25 t 7
25 t 9
25 y_1_2 13
25 y_1_2 18
25 y_1_2 22
25 t 24
25 x_1_2 28
25 t 35
25 t 39
25 t 41
25 x_1_2 45
25 t 50
25 y_1_2 54
25 y_1_2 56
25 t 60
26 cz 2 3
26 cz 6 7
26 cz 8 9
26 cz 12 13
26 cz 18 19
26 cz 22 23
26 cz 24 25
26 cz 28 29
26 cz 34 35
26 cz 38 39
26 cz 40 41
26 cz 44 45
26 cz 50 51
26 cz 54 55
26 cz 56 57
26 cz 60 61
26 x_1_2 0
26 y_1_2 1
26 t 4
26 y_1_2 5
26 y_1_2 10
26 x_1_2 11
26 y_1_2 14
26 x_1_2 15
26 t 16
26 t 17
26 y_1_2 20
26 y_1_2 21
26 y_1_2 26
26 y_1_2 27
26 t 30
26 x_1_2 31
26 t 32
26 y_1_2 33
26 y_1_2 36
26 x_1_2 37
26 x_1_2 42
26 x_1_2 43
26 y_1_2 46
26 x_1_2 47
26 y_1_2 48
26 y_1_2 49
26 t 52
26 t 53
26 x_1_2 58
26 t 59
26 y_1_2 62
26 x_1_2 63
27 cz 8 16
27 cz 10 18
27 cz 12 20
27 cz 14 22
27 cz 25 33
27 cz 27 35
27 cz 29 37
27 cz 31 39
27 cz 40 48
27 cz 42 50
27 cz 44 52
27 cz 46 54
27 x_1_2 2
27 t 3
27 x_1_2 6
27 x_1_2 7
27 x_1_2 9
27 x_1_2 13
27 t 19
27 t 23
27 y_1_2 24
27 y_1_2 28
27 t 34
27 y_1_2 38
27 y_1_2 41
27 y_1_2 45
27 x_1_2 51
27 x_1_2 55
27 t 56
27 t 57
27 x_1_2 60
27 x_1_2 61
28 cz 9 17
28 cz 11 19
28 cz 13 21
28 cz 15 23
28 cz 24 32
28 cz 26 34
28 cz 28 36
28 cz 30 38
28 cz 41 49
28 cz 43 51
28 cz 45 53
28 cz 47 55
28 t 8
28 t 10
28 t 12
28 t 14
28 y_1_2 16
28 t 18
28 x_1_2 20
28 t 22
28 t 25
28 t 27
28 t 29
28 y_1_2 31
28 x_1_2 33
28 x_1_2 35
28 t 37
28 x_1_2 39
28 y_1_2 40
28 y_1_2 42
28 t 44
28 x_1_2 46
28 x_1_2 48
28 y_1_2 50
28 y_1_2 52
28 t 54
29 cz 1 2
29 cz 5 6
29 cz 11 12
29 cz 17 18
29 cz 21 22
29 cz 27 28
29 cz 33 34
29 cz 37 38
29 cz 43 44
29 cz 49 50
29 cz 53 54
29 cz 59 60
29 y_1_2 9
29 y_1_2 13
29 t 15
29 x_1_2 19
29 y_1_2 23
29 t 24
29 t 26
29 x_1_2 30
29 x_1_2 32
29 x_1_2 36
29 t 41
29 x_1_2 45
29 t 47
29 y_1_2 51
29 t 55
30 cz 3 4
30 cz 9 10
30 cz 13 14
30 cz 19 20
30 cz 25 26
30 cz 29 30
30 cz 35 36
30 cz 41 42
30 cz 45 46
30 cz 51 52
30 cz 57 58
30 cz 61 62
30 x_1_2 1
30 y_1_2 2
30 t 5
30 y_1_2 6
30 y_1_2 11
30 x_1_2 12
30 x_1_2 17
30 x_1_2 18
30 x_1_2 21
30 y_1_2 22
30 x_1_2 27
30 x_1_2 28
30 t 33
30 x_1_2 34
30 x_1_2 37
30 x_1_2 38
30 t 43
30 x_1_2 44
30 t 49
30 t 50
30 x_1_2 53
30 y_1_2 54
30 y_1_2 59
30 t 60
31 cz 0 8
31 cz 2 10
31 cz 4 12
31 cz 6 14
31 cz 17 25
31 cz 19 27
31 cz 21 29
31 cz 23 31
31 cz 32 40
31 cz 34 42
31 cz 36 44
31 cz 38 46
31 cz 49 57
31 cz 51 59
31 cz 53 61
31 cz 55 63
31 x_1_2 3
31 t 9
31 t 13
31 y_1_2 20
31 x_1_2 26
31 y_1_2 30
31 t 35
31 x_1_2 41
31 t 45
31 t 52
31 y_1_2 58
31 x_1_2 62
32 cz 1 9
32 cz 3 11
32 cz 5 13
32 cz 7 15
32 cz 16 24
32 cz 18 26
32 cz 20 28
32 cz 22 30
32 cz 33 41
32 cz 35 43
32 cz 37 45
32 cz 39 47
32 cz 48 56
32 cz 50 58
32 cz 52 60
32 cz 54 62
32 t 0
32 t 2
32 y_1_2 4
32 x_1_2 6
32 y_1_2 8
32 x_1_2 10
32 y_1_2 12
32 y_1_2 14
32 y_1_2 17
32 t 19
32 t 21
32 t 23
32 y_1_2 25
32 t 27
32 x_1_2 29
32 x_1_2 31
32 t 32
32 y_1_2 34
32 y_1_2 36
32 t 38
32 t 40
32 t 42
32 y_1_2 44
32 y_1_2 46
32 x_1_2 49
32 t 51
32 t 53
32 y_1_2 55
32 x_1_2 57
32 x_1_2 59
32 y_1_2 61
32 y_1_2 63
33 cz 0 1
33 cz 4 5
33 cz 10 11
33 cz 14 15
33 cz 16 17
33 cz 20 21
33 cz 26 27
33 cz 30 31
33 cz 32 33
33 cz 36 37
33 cz 42 43
33 cz 46 47
33 cz 48 49
33 cz 52 53
33 cz 58 59
33 cz 62 63
33 y_1_2 3
33 t 7
33 x_1_2 9
33 y_1_2 13
33 t 18
33 t 22
33 x_1_2 24
33 t 28
33 x_1_2 35
33 t 39
33 y_1_2 41
33 y_1_2 45
33 y_1_2 50
33 t 54
33 y_1_2 56
33 y_1_2 60
34 cz 2 3
34 cz 6 7
34 cz 8 9
34 cz 12 13
34 cz 18 19
34 cz 22 23
34 cz 24 25
34 cz 28 29
34 cz 34 35
34 cz 38 39
34 cz 40 41
34 cz 44 45
34 cz 50 51
34 cz 54 55
34 cz 56 57
34 cz 60 61
34 y_1_2 0
34 t 1
34 x_1_2 4
34 x_1_2 5
34 t 10
34 x_1_2 11
34 x_1_2 14
34 y_1_2 15
34 x_1_2 16
34 x_1_2 17
34 x_1_2 20
34 y_1_2 21
34 y_1_2 26
34 x_1_2 27
34 x_1_2 30
34 t 31
34 y_1_2 32
34 x_1_2 33
34 x_1_2 36
34 t 37
34 y_1_2 42
34 y_1_2 43
34 x_1_2 46
34 y_1_2 47
34 t 48
34 y_1_2 49
34 x_1_2 52
34 y_1_2 53
34 x_1_2 58
34 y_1_2 59
34 t 62
34 t 63
35 cz 8 16
35 cz 10 18
35 cz 12 20
35 cz 14 22
35 cz 25 33
35 cz 27 35
35 cz 29 37
35 cz 31 39
35 cz 40 48
35 cz 42 50
35 cz 44 52
35 cz 46 54
35 y_1_2 2
35 x_1_2 3
35 y_1_2 6
35 y_1_2 7
35 y_1_2 9
35 t 13
35 y_1_2 19
35 y_1_2 23
35 t 24
35 x_1_2 28
35 t 34
35 x_1_2 38
35 t 41
35 t 45
35 x_1_2 51
35 x_1_2 55
35 t 56
35 y_1_2 57
35 t 60
35 x_1_2 61
36 cz 9 17
36 cz 11 19
36 cz 13 21
36 cz 15 23
36 cz 24 32
36 cz 26 34
36 cz 28 36
36 cz 30 38
36 cz 41 49
36 cz 43 51
36 cz 45 53
36 cz 47 55
36 t 8
36 x_1_2 10
36 t 12
36 y_1_2 14
36 y_1_2 16
36 x_1_2 18
36 y_1_2 20
36 y_1_2 22
36 x_1_2 25
36 t 27
36 t 29
36 y_1_2 31
36 t 33
36 t 35
36 y_1_2 37
36 y_1_2 39
36 x_1_2 40
36 x_1_2 42
36 t 44
36 t 46
36 y_1_2 48
36 t 50
36 t 52
36 y_1_2 54
37 cz 1 2
37 cz 5 6
37 cz 11 12
37 cz 17 18
37 cz 21 22
37 cz 27 28
37 cz 33 34
37 cz 37 38
37 cz 43 44
37 cz 49 50
37 cz 53 54
37 cz 59 60
37 t 9
37 x_1_2 13
37 t 15
37 x_1_2 19
37 x_1_2 23
37 y_1_2 24
37 x_1_2 26
37 t 30
37 t 32
37 t 36
37 y_1_2 41
37 y_1_2 45
37 t 47
37 y_1_2 51
37 y_1_2 55
38 cz 3 4
38 cz 9 10
38 cz 13 14
38 cz 19 20
38 cz 25 26
38 cz 29 30
38 cz 35 36
38 cz 41 42
38 cz 45 46
38 cz 51 52
38 cz 57 58
38 cz 61 62
38 y_1_2 1
38 x_1_2 2
38 y_1_2 5
38 x_1_2 6
38 y_1_2 11
38 x_1_2 12
38 t 17
38 t 18
38 x_1_2 21
38 x_1_2 22
38 y_1_2 27
38 y_1_2 28
38 y_1_2 33
38 x_1_2 34
38 x_1_2 37
38 t 38
38 t 43
38 x_1_2 44
38 x_1_2 49
38 y_1_2 50
38 x_1_2 53
38 x_1_2 54
38 t 59
38 x_1_2 60
39 cz 0 8
39 cz 2 10
39 cz 4 12
39 cz 6 14
39 cz 17 25
39 cz 19 27
39 cz 21 29
39 cz 23 31
39 cz 32 40
39 cz 34 42
39 cz 36 44
39 cz 38 46
39 cz 49 57
39 cz 51 59
39 cz 53 61
39 cz 55 63
39 t 3
39 y_1_2 9
39 y_1_2 13
39 x_1_2 20
39 y_1_2 26
39 x_1_2 30
39 x_1_2 35
39 x_1_2 41
39 t 45
39 y_1_2 52
39 t 58
39 y_1_2 62
40 cz 1 9
40 cz 3 11
40 cz 5 13
40 cz 7 15
40 cz 16 24
40 cz 18 26
40 cz 20 28
40 cz 22 30
40 cz 33 41
40 cz 35 43
40 cz 37 45
40 cz 39 47
40 cz 48 56
40 cz 50 58
40 cz 52 60
40 cz 54 62
40 t 0
40 y_1_2 2
40 t 4
40 t 6
40 y_1_2 8
40 t 10
40 t 12
40 t 14
40 y_1_2 17
40 y_1_2 19
40 y_1_2 21
40 y_1_2 23
40 t 25
40 x_1_2 27
40 y_1_2 29
40 x_1_2 31
40 x_1_2 32
40 y_1_2 34
40 x_1_2 36
40 x_1_2 38
40 y_1_2 40
40 y_1_2 42
40 y_1_2 44
40 x_1_2 46
40 y_1_2 49
40 t 51
40 y_1_2 53
40 x_1_2 55
40 x_1_2 57
40 y_1_2 59
40 t 61
40 y_1_2 63
41 cz 0 1
41 cz 4 5
41 cz 10 11
41 cz 14 15
41 cz 16 17
41 cz 20 21
41 cz 26 27
41 cz 30 31
41 cz 32 33
41 cz 36 37
41 cz 42 43
41 cz 46 47
41 cz 48 49
41 cz 52 53
41 cz 58 59
41 cz 62 63
41 y_1_2 3
41 x_1_2 7
41 t 9
41 x_1_2 13
41 x_1_2 18
41 t 22
41 t 24
41 x_1_2 28
41 t 35
41 x_1_2 39
41 t 41
41 x_1_2 45
41 t 50
41 y_1_2 54
41 x_1_2 56
41 t 60
42 cz 2 3
42 cz 6 7
42 cz 8 9
42 cz 12 13
42 cz 18 19
42 cz 22 23
42 cz 24 25
42 cz 28 29
42 cz 34 35
42 cz 38 39
42 cz 40 41
42 cz 44 45
42 cz 50 51
42 cz 54 55
42 cz 56 57
42 cz 60 61
42 x_1_2 0
42 t 1
42 x_1_2 4
42 x_1_2 5
42 x_1_2 10
42 t 11
42 x_1_2 14
42 y_1_2 15
42 x_1_2 16
42 t 17
42 t 20
42 t 21
42 x_1_2 26
42 y_1_2 27
42 t 30
42 t 31
42 y_1_2 32
42 t 33
42 t 36
42 t 37
42 t 42
42 y_1_2 43
42 y_1_2 46
42 y_1_2 47
42 x_1_2 48
42 t 49
42 x_1_2 52
42 x_1_2 53
42 x_1_2 58
42 x_1_2 59
42 x_1_2 62
42 x_1_2 63
43 cz 8 16
43 cz 10 18
43 cz 12 20
43 cz 14 22
43 cz 25 33
43 cz 27 35
43 cz 29 37
43 cz 31 39
43 cz 40 48
43 cz 42 50
43 cz 44 52
43 cz 46 54
43 t 2
43 x_1_2 3
43 y_1_2 6
43 t 7
43 y_1_2 9
43 y_1_2 13
43 t 19
43 t 23
43 x_1_2 24
43 t 28
43 x_1_2 34
43 t 38
43 x_1_2 41
43 t 45
43 y_1_2 51
43 t 55
43 y_1_2 56
43 t 57
43 x_1_2 60
43 y_1_2 61
44 cz 9 17
44 cz 11 19
44 cz 13 21
44 cz 15 23
44 cz 24 32
44 cz 26 34
44 cz 28 36
44 cz 30 38
44 cz 41 49
44 cz 43 51
44 cz 45 53
44 cz 47 55
44 t 8
44 t 10
44 x_1_2 12
44 y_1_2 14
44 y_1_2 16
44 y_1_2 18
44 x_1_2 20
44 y_1_2 22
44 x_1_2 25
44 t 27
44 x_1_2 29
44 y_1_2 31
44 x_1_2 33
44 x_1_2 35
44 y_1_2 37
44 t 39
44 x_1_2 40
44 x_1_2 42
44 t 44
44 t 46
44 t 48
44 x_1_2 50
44 y_1_2 52
44 t 54
45 cz 1 2
45 cz 5 6
45 cz 11 12
45 cz 17 18
45 cz 21 22
45 cz 27 28
45 cz 33 34
45 cz 37 38
45 cz 43 44
45 cz 49 50
45 cz 53 54
45 cz 59 60
45 t 9
45 t 13
45 t 15
45 y_1_2 19
45 y_1_2 23
45 t 24
45 t 26
45 x_1_2 30
45 t 32
45 y_1_2 36
45 t 41
45 x_1_2 45
45 x_1_2 47
45 t 51
45 y_1_2 55
46 cz 3 4
46 cz 9 10
46 cz 13 14
46 cz 19 20
46 cz 25 26
46 cz 29 30
46 cz 35 36
46 cz 41 42
46 cz 45 46
46 cz 51 52
46 cz 57 58
46 cz 61 62
46 y_1_2 1
46 x_1_2 2
46 y_1_2 5
46 t 6
46 x_1_2 11
46 y_1_2 12
46 x_1_2 17
46 t 18
46 x_1_2 21
46 t 22
46 x_1_2 27
46 y_1_2 28
46 y_1_2 33
46 y_1_2 34
46 t 37
46 y_1_2 38
46 x_1_2 43
46 y_1_2 44
46 y_1_2 49
46 t 50
46 t 53
46 y_1_2 54
46 t 59
46 y_1_2 60
47 cz 0 8
47 cz 2 10
47 cz 4 12
47 cz 6 14
47 cz 17 25
47 cz 19 27
47 cz 21 29
47 cz 23 31
47 cz 32 40
47 cz 34 42
47 cz 36 44
47 cz 38 46
47 cz 49 57
47 cz 51 59
47 cz 53 61
47 cz 55 63
47 t 3
47 y_1_2 9
47 x_1_2 13
47 t 20
47 x_1_2 26
47 y_1_2 30
47 t 35
47 x_1_2 41
47 y_1_2 45
47 t 52
47 y_1_2 58
47 t 62
48 cz 1 9
48 cz 3 11
48 cz 5 13
48 cz 7 15
48 cz 16 24
48 cz 18 26
48 cz 20 28
48 cz 22 30
48 cz 33 41
48 cz 35 43
48 cz 37 45
48 cz 39 47
48 cz 48 56
48 cz 50 58
48 cz 52 60
48 cz 54 62
48 y_1_2 0
48 y_1_2 2
48 t 4
48 y_1_2 6
48 x_1_2 8
48 x_1_2 10
48 t 12
48 t 14
48 y_1_2 17
48 t 19
48 y_1_2 21
48 x_1_2 23
48 t 25
48 t 27
48 y_1_2 29
48 x_1_2 31
48 x_1_2 32
48 t 34
48 t 36
48 x_1_2 38
48 y_1_2 40
48 y_1_2 42
48 x_1_2 44
48 y_1_2 46
48 t 49
48 x_1_2 51
48 x_1_2 53
48 x_1_2 55
48 x_1_2 57
48 y_1_2 59
48 t 61
48 y_1_2 63
49 cz 0 1
49 cz 4 5
49 cz 10 11
49 cz 14 15
49 cz 16 17
49 cz 20 21
49 cz 26 27
49 cz 30 31
49 cz 32 33
49 cz 36 37
49 cz 42 43
49 cz 46 47
49 cz 48 49
49 cz 52 53
49 cz 58 59
49 cz 62 63
49 x_1_2 3
49 x_1_2 7
49 t 9
49 y_1_2 13
49 y_1_2 18
49 y_1_2 22
49 y_1_2 24
49 t 28
49 y_1_2 35
49 x_1_2 39
49 t 41
49 x_1_2 45
49 y_1_2 50
49 t 54
49 t 56
49 t 60
50 cz 2 3
50 cz 6 7
50 cz 8 9
50 cz 12 13
50 cz 18 19
50 cz 22 23
50 cz 24 25
50 cz 28 29
50 cz 34 35
50 cz 38 39
50 cz 40 41
50 cz 44 45
50 cz 50 51
50 cz 54 55
50 cz 56 57
50 cz 60 61
50 x_1_2 0
50 t 1
50 x_1_2 4
50 t 5
50 t 10
50 y_1_2 11
50 x_1_2 14
50 y_1_2 15
50 x_1_2 16
50 x_1_2 17
50 y_1_2 20
50 t 21
50 y_1_2 26
50 x_1_2 27
50 x_1_2 30
50 t 31
50 y_1_2 32
50 t 33
50 y_1_2 36
50 y_1_2 37
50 x_1_2 42
50 t 43
50 x_1_2 46
50 t 47
50 y_1_2 48
50 x_1_2 49
50 y_1_2 52
50 y_1_2 53
50 x_1_2 58
50 t 59
50 y_1_2 62
50 t 63
51 cz 8 16
51 cz 10 18
51 cz 12 20
51 cz 14 22
51 cz 25 33
51 cz 27 35
51 cz 29 37
51 cz 31 39
51 cz 40 48
51 cz 42 50
51 cz 44 52
51 cz 46 54
51 t 2
51 t 3
51 t 6
51 t 7
51 y_1_2 9
51 x_1_2 13
51 y_1_2 19
51 y_1_2 23
51 x_1_2 24
51 x_1_2 28
51 x_1_2 34
51 y_1_2 38
51 x_1_2 41
51 t 45
51 y_1_2 51
51 t 55
51 x_1_2 56
51 t 57
51 x_1_2 60
51 x_1_2 61
52 cz 9 17
52 cz 11 19
52 cz 13 21
52 cz 15 23
52 cz 24 32
52 cz 26 34
52 cz 28 36
52 cz 30 38
52 cz 41 49
52 cz 43 51
52 cz 45 53
52 cz 47 55
52 t 8
52 x_1_2 10
52 y_1_2 12
52 t 14
52 y_1_2 16
52 t 18
52 t 20
52 x_1_2 22
52 y_1_2 25
52 t 27
52 t 29
52 y_1_2 31
52 x_1_2 33
52 t 35
52 x_1_2 37
52 y_1_2 39
52 t 40
52 t 42
52 t 44
52 t 46
52 t 48
52 t 50
52 x_1_2 52
52 x_1_2 54
53 cz 1 2
53 cz 5 6
53 cz 11 12
53 cz 17 18
53 cz 21 22
53 cz 27 28
53 cz 33 34
53 cz 37 38
53 cz 43 44
53 cz 49 50
53 cz 53 54
53 cz 59 60
53 t 9
53 t 13
53 t 15
53 t 19
53 t 23
53 t 24
53 x_1_2 26
53 y_1_2 30
53 t 32
53 t 36
53 y_1_2 41
53 y_1_2 45
53 x_1_2 47
53 x_1_2 51
53 y_1_2 55
54 cz 3 4
54 cz 9 10
54 cz 13 14
54 cz 19 20
54 cz 25 26
54 cz 29 30
54 cz 35 36
54 cz 41 42
54 cz 45 46
54 cz 51 52
54 cz 57 58
54 cz 61 62
54 x_1_2 1
54 x_1_2 2
54 y_1_2 5
54 x_1_2 6
54 t 11
54 x_1_2 12
54 t 17
54 x_1_2 18
54 y_1_2 21
54 t 22
54 y_1_2 27
54 t 28
54 y_1_2 33
54 t 34
54 t 37
54 x_1_2 38
54 y_1_2 43
54 x_1_2 44
54 y_1_2 49
54 x_1_2 50
54 t 53
54 y_1_2 54
54 y_1_2 59
54 t 60
55 cz 0 8
55 cz 2 10
55 cz 4 12
55 cz 6 14
55 cz 17 25
55 cz 19 27
55 cz 21 29
55 cz 23 31
55 cz 32 40
55 cz 34 42
55 cz 36 44
55 cz 38 46
55 cz 49 57
55 cz 51 59
55 cz 53 61
55 cz 55 63
55 y_1_2 3
55 x_1_2 9
55 y_1_2 13
55 y_1_2 20
55 y_1_2 26
55 t 30
55 y_1_2 35
55 x_1_2 41
55 t 45
55 y_1_2 52
55 y_1_2 58
55 t 62
56 cz 1 9
56 cz 3 11
56 cz 5 13
56 cz 7 15
56 cz 16 24
56 cz 18 26
56 cz 20 28
56 cz 22 30
56 cz 33 41
56 cz 35 43
56 cz 37 45
56 cz 39 47
56 cz 48 56
56 cz 50 58
56 cz 52 60
56 cz 54 62
56 y_1_2 0
56 y_1_2 2
56 y_1_2 4
56 t 6
56 y_1_2 8
56 t 10
56 t 12
56 y_1_2 14
56 y_1_2 17
56 y_1_2 19
56 t 21
56 x_1_2 23
56 t 25
56 t 27
56 y_1_2 29
56 x_1_2 31
56 y_1_2 32
56 y_1_2 34
56 y_1_2 36
56 y_1_2 38
56 x_1_2 40
56 y_1_2 42
56 t 44
56 x_1_2 46
56 x_1_2 49
56 y_1_2 51
56 x_1_2 53
56 x_1_2 55
56 x_1_2 57
56 t 59
56 y_1_2 61
56 x_1_2 63
57 cz 0 1
57 cz 4 5
57 cz 10 11
57 cz 14 15
57 cz 16 17
57 cz 20 21
57 cz 26 27
57 cz 30 31
57 cz 32 33
57 cz 36 37
57 cz 42 43
57 cz 46 47
57 cz 48 49
57 cz 52 53
57 cz 58 59
57 cz 62 63
57 x_1_2 3
57 x_1_2 7
57 t 9
57 x_1_2 13
57 t 18
57 y_1_2 22
57 x_1_2 24
57 y_1_2 28
57 x_1_2 35
57 x_1_2 39
57 y_1_2 41
57 x_1_2 45
57 y_1_2 50
57 t 54
57 t 56
57 y_1_2 60
58 cz 2 3
58 cz 6 7
58 cz 8 9
58 cz 12 13
58 cz 18 19
58 cz 22 23
58 cz 24 25
58 cz 28 29
58 cz 34 35
58 cz 38 39
58 cz 40 41
58 cz 44 45
58 cz 50 51
58 cz 54 55
58 cz 56 57
58 cz 60 61
58 x_1_2 0
58 t 1
58 x_1_2 4
58 x_1_2 5
58 y_1_2 10
58 x_1_2 11
58 t 14
58 y_1_2 15
58 t 16
58 x_1_2 17
58 t 20
58 y_1_2 21
58 t 26
58 y_1_2 27
58 x_1_2 30
58 t 31
58 t 32
58 t 33
58 x_1_2 36
58 y_1_2 37
58 t 42
58 t 43
58 t 46
58 t 47
58 y_1_2 48
58 t 49
58 t 52
58 t 53
58 x_1_2 58
58 x_1_2 59
58 y_1_2 62
58 t 63
59 cz 8 16
59 cz 10 18
59 cz 12 20
59 cz 14 22
59 cz 25 33
59 cz 27 35
59 cz 29 37
59 cz 31 39
59 cz 40 48
59 cz 42 50
59 cz 44 52
59 cz 46 54
59 x_1_2 2
59 y_1_2 3
59 y_1_2 6
59 t 7
59 x_1_2 9
59 y_1_2 13
59 x_1_2 19
59 y_1_2 23
59 y_1_2 24
59 t 28
59 t 34
59 t 38
59 t 41
59 y_1_2 45
59 x_1_2 51
59 y_1_2 55
59 x_1_2 56
59 y_1_2 57
59 x_1_2 60
59 x_1_2 61
60 cz 9 17
60 cz 11 19
60 cz 13 21
60 cz 15 23
60 cz 24 32
60 cz 26 34
60 cz 28 36
60 cz 30 38
60 cz 41 49
60 cz 43 51
60 cz 45 53
60 cz 47 55
60 t 8
60 t 10
60 x_1_2 12
60 y_1_2 14
60 y_1_2 16
60 y_1_2 18
60 y_1_2 20
60 t 22
60 x_1_2 25
60 t 27
60 t 29
60 x_1_2 31
60 y_1_2 33
60 t 35
60 t 37
60 y_1_2 39
60 t 40
60 x_1_2 42
60 x_1_2 44
60 x_1_2 46
60 x_1_2 48
60 t 50
60 y_1_2 52
60 x_1_2 54
61 cz 1 2
61 cz 5 6
61 cz 11 12
61 cz 17 18
61 cz 21 22
61 cz 27 28
61 cz 33 34
61 cz 37 38
61 cz 43 44
61 cz 49 50
61 cz 53 54
61 cz 59 60
61 y_1_2 9
61 t 13
61 t 15
61 y_1_2 19
61 t 23
61 x_1_2 24
61 y_1_2 26
61 y_1_2 30
61 x_1_2 32
61 y_1_2 36
61 x_1_2 41
61 x_1_2 45
61 y_1_2 47
61 t 51
61 x_1_2 55
62 cz 3 4
62 cz 9 10
62 cz 13 14
62 cz 19 20
62 cz 25 26
62 cz 29 30
62 cz 35 36
62 cz 41 42
62 cz 45 46
62 cz 51 52
62 cz 57 58
62 cz 61 62
62 x_1_2 1
62 t 2
62 y_1_2 5
62 t 6
62 t 11
62 t 12
62 y_1_2 17
62 x_1_2 18
62 t 21
62 x_1_2 22
62 y_1_2 27
62 y_1_2 28
62 x_1_2 33
62 y_1_2 34
62 x_1_2 37
62 y_1_2 38
62 y_1_2 43
62 y_1_2 44
62 y_1_2 49
62 x_1_2 50
62 y_1_2 53
62 y_1_2 54
62 t 59
62 t 60
63 cz 0 8
63 cz 2 10
63 cz 4 12
63 cz 6 14
63 cz 17 25
63 cz 19 27
63 cz 21 29
63 cz 23 31
63 cz 32 40
63 cz 34 42
63 cz 36 44
63 cz 38 46
63 cz 49 57
63 cz 51 59
63 cz 53 61
63 cz 55 63
63 x_1_2 3
63 x_1_2 9
63 y_1_2 13
63 x_1_2 20
63 t 26
63 t 30
63 x_1_2 35
63 y_1_2 41
63 t 45
63 x_1_2 52
63 y_1_2 58
63 x_1_2 62
64 cz 1 9
64 cz 3 11
64 cz 5 13
64 cz 7 15
64 cz 16 24
64 cz 18 26
64 cz 20 28
64 cz 22 30
64 cz 33 41
64 cz 35 43
64 cz 37 45
64 cz 39 47
64 cz 48 56
64 cz 50 58
64 cz 52 60
64 cz 54 62
64 y_1_2 0
64 x_1_2 2
64 y_1_2 4
64 x_1_2 6
64 x_1_2 8
64 x_1_2 10
64 x_1_2 12
64 t 14
64 x_1_2 17
64 x_1_2 19
64 x_1_2 21
64 x_1_2 23
64 t 25
64 t 27
64 x_1_2 29
64 y_1_2 31
64 y_1_2 32
64 t 34
64 t 36
64 x_1_2 38
64 y_1_2 40
64 t 42
64 x_1_2 44
64 t 46
64 x_1_2 49
64 x_1_2 51
64 x_1_2 53
64 t 55
64 x_1_2 57
64 x_1_2 59
64 t 61
64 x_1_2 63
65 cz 0 1
65 cz 4 5
65 cz 10 11
65 cz 14 15
65 cz 16 17
65 cz 20 21
65 cz 26 27
65 cz 30 31
65 cz 32 33
65 cz 36 37
65 cz 42 43
65 cz 46 47
65 cz 48 49
65 cz 52 53
65 cz 58 59
65 cz 62 63
65 t 3
65 x_1_2 7
65 t 9
65 x_1_2 13
65 y_1_2 18
65 y_1_2 22
65 t 24
65 x_1_2 28
65 t 35
65 t 39
65 x_1_2 41
65 x_1_2 45
65 t 50
65 x_1_2 54
65 t 56
65 y_1_2 60
66 cz 2 3
66 cz 6 7
66 cz 8 9
66 cz 12 13
66 cz 18 19
66 cz 22 23
66 cz 24 25
66 cz 28 29
66 cz 34 35
66 cz 38 39
66 cz 40 41
66 cz 44 45
66 cz 50 51
66 cz 54 55
66 cz 56 57
66 cz 60 61
66 x_1_2 0
66 y_1_2 1
66 x_1_2 4
66 x_1_2 5
66 t 10
66 y_1_2 11
66 x_1_2 14
66 y_1_2 15
66 t 16
66 y_1_2 17
66 y_1_2 20
66 y_1_2 21
66 x_1_2 26
66 x_1_2 27
66 x_1_2 30
66 t 31
66 t 32
66 t 33
66 y_1_2 36
66 y_1_2 37
66 x_1_2 42
66 x_1_2 43
66 y_1_2 46
66 x_1_2 47
66 y_1_2 48
66 t 49
66 y_1_2 52
66 t 53
66 t 58
66 y_1_2 59
66 t 62
66 y_1_2 63
67 cz 8 16
67 cz 10 18
67 cz 12 20
67 cz 14 22
67 cz 25 33
67 cz 27 35
67 cz 29 37
67 cz 31 39
67 cz 40 48
67 cz 42 50
67 cz 44 52
67 cz 46 54
67 t 2
67 y_1_2 3
67 t 6
67 t 7
67 y_1_2 9
67 t 13
67 t 19
67 y_1_2 23
67 y_1_2 24
67 y_1_2 28
67 x_1_2 34
67 y_1_2 38
67 t 41
67 y_1_2 45
67 y_1_2 51
67 x_1_2 55
67 y_1_2 56
67 t 57
67 x_1_2 60
67 y_1_2 61
68 cz 9 17
68 cz 11 19
68 cz 13 21
68 cz 15 23
68 cz 24 32
68 cz 26 34
68 cz 28 36
68 cz 30 38
68 cz 41 49
68 cz 43 51
68 cz 45 53
68 cz 47 55
68 t 8
68 x_1_2 10
68 y_1_2 12
68 y_1_2 14
68 y_1_2 16
68 t 18
68 x_1_2 20
68 x_1_2 22
68 x_1_2 25
68 t 27
68 t 29
68 y_1_2 31
68 x_1_2 33
68 x_1_2 35
68 x_1_2 37
68 y_1_2 39
68 t 40
68 y_1_2 42
68 t 44
68 t 46
68 t 48
68 x_1_2 50
68 t 52
68 y_1_2 54
69 cz 1 2
69 cz 5 6
69 cz 11 12
69 cz 17 18
69 cz 21 22
69 cz 27 28
69 cz 33 34
69 cz 37 38
69 cz 43 44
69 cz 49 50
69 cz 53 54
69 cz 59 60
69 t 9
69 y_1_2 13
69 x_1_2 15
69 y_1_2 19
69 t 23
69 x_1_2 24
69 y_1_2 26
69 t 30
69 x_1_2 32
69 t 36
69 x_1_2 41
69 x_1_2 45
69 y_1_2 47
69 t 51
69 t 55
70 cz 3 4
70 cz 9 10
70 cz 13 14
70 cz 19 20
70 cz 25 26
70 cz 29 30
70 cz 35 36
70 cz 41 42
70 cz 45 46
70 cz 51 52
70 cz 57 58
70 cz 61 62
70 t 1
70 x_1_2 2
70 y_1_2 5
70 y_1_2 6
70 x_1_2 11
70 x_1_2 12
70 x_1_2 17
70 y_1_2 18
70 t 21
70 y_1_2 22
70 x_1_2 27
70 x_1_2 28
70 t 33
70 t 34
70 t 37
70 x_1_2 38
70 t 43
70 x_1_2 44
70 x_1_2 49
70 t 50
70 y_1_2 53
70 t 54
70 x_1_2 59
70 y_1_2 60
71 cz 0 8
71 cz 2 10
71 cz 4 12
71 cz 6 14
71 cz 17 25
71 cz 19 27
71 cz 21 29
71 cz 23 31
71 cz 32 40
71 cz 34 42
71 cz 36 44
71 cz 38 46
71 cz 49 57
71 cz 51 59
71 cz 53 61
71 cz 55 63
71 t 3
71 y_1_2 9
71 x_1_2 13
71 y_1_2 20
71 t 26
71 y_1_2 30
71 y_1_2 35
71 y_1_2 41
71 y_1_2 45
71 x_1_2 52
71 x_1_2 58
71 y_1_2 62
72 cz 1 9
72 cz 3 11
72 cz 5 13
72 cz 7 15
72 cz 16 24
72 cz 18 26
72 cz 20 28
72 cz 22 30
72 cz 33 41
72 cz 35 43
72 cz 37 45
72 cz 39 47
72 cz 48 56
72 cz 50 58
72 cz 52 60
72 cz 54 62
72 y_1_2 0
72 y_1_2 2
72 y_1_2 4
72 t 6
72 x_1_2 8
72 t 10
72 t 12
72 t 14
72 t 17
72 t 19
72 x_1_2 21
72 x_1_2 23
72 t 25
72 t 27
72 y_1_2 29
72 t 31
72 t 32
72 y_1_2 34
72 y_1_2 36
72 y_1_2 38
72 x_1_2 40
72 t 42
72 t 44
72 y_1_2 46
72 y_1_2 49
72 y_1_2 51
72 t 53
72 x_1_2 55
72 y_1_2 57
72 t 59
72 t 61
72 x_1_2 63
73 cz 0 1
73 cz 4 5
73 cz 10 11
73 cz 14 15
73 cz 16 17
73 cz 20 21
73 cz 26 27
73 cz 30 31
73 cz 32 33
73 cz 36 37
73 cz 42 43
73 cz 46 47
73 cz 48 49
73 cz 52 53
73 cz 58 59
73 cz 62 63
73 y_1_2 3
73 y_1_2 7
73 x_1_2 9
73 y_1_2 13
73 x_1_2 18
73 t 22
73 y_1_2 24
73 y_1_2 28
73 t 35
73 x_1_2 39
73 t 41
73 x_1_2 45
73 x_1_2 50
73 x_1_2 54
73 x_1_2 56
73 t 60
74 cz 2 3
74 cz 6 7
74 cz 8 9
74 cz 12 13
74 cz 18 19
74 cz 22 23
74 cz 24 25
74 cz 28 29
74 cz 34 35
74 cz 38 39
74 cz 40 41
74 cz 44 45
74 cz 50 51
74 cz 54 55
74 cz 56 57
74 cz 60 61
74 x_1_2 0
74 x_1_2 1
74 t 4
74 t 5
74 y_1_2 10
74 y_1_2 11
74 x_1_2 14
74 t 15
74 t 16
74 x_1_2 17
74 x_1_2 20
74 t 21
74 x_1_2 26
74 x_1_2 27
74 x_1_2 30
74 y_1_2 31
74 x_1_2 32
74 x_1_2 33
74 t 36
74 y_1_2 37
74 x_1_2 42
74 x_1_2 43
74 t 46
74 t 47
74 y_1_2 48
74 t 49
74 t 52
74 x_1_2 53
74 t 58
74 x_1_2 59
74 x_1_2 62
74 y_1_2 63
75 cz 8 16
75 cz 10 18
75 cz 12 20
75 cz 14 22
75 cz 25 33
75 cz 27 35
75 cz 29 37
75 cz 31 39
75 cz 40 48
75 cz 42 50
75 cz 44 52
75 cz 46 54
75 x_1_2 2
75 x_1_2 3
75 x_1_2 6
75 t 7
75 y_1_2 9
75 t 13
75 y_1_2 19
75 y_1_2 23
75 x_1_2 24
75 x_1_2 28
75 x_1_2 34
75 x_1_2 38
75 x_1_2 41
75 t 45
75 x_1_2 51
75 y_1_2 55
75 y_1_2 56
75 t 57
75 y_1_2 60
75 x_1_2 61
76 cz 9 17
76 cz 11 19
76 cz 13 21
76 cz 15 23
76 cz 24 32
76 cz 26 34
76 cz 28 36
76 cz 30 38
76 cz 41 49
76 cz 43 51
76 cz 45 53
76 cz 47 55
76 t 8
76 x_1_2 10
76 y_1_2 12
76 y_1_2 14
76 x_1_2 16
76 t 18
76 t 20
76 x_1_2 22
76 x_1_2 25
76 y_1_2 27
76 x_1_2 29
76 t 31
76 y_1_2 33
76 y_1_2 35
76 t 37
76 y_1_2 39
76 t 40
76 y_1_2 42
76 y_1_2 44
76 y_1_2 46
76 x_1_2 48
76 y_1_2 50
76 x_1_2 52
76 y_1_2 54
77 cz 1 2
77 cz 5 6
77 cz 11 12
77 cz 17 18
77 cz 21 22
77 cz 27 28
77 cz 33 34
77 cz 37 38
77 cz 43 44
77 cz 49 50
77 cz 53 54
77 cz 59 60
77 x_1_2 9
77 x_1_2 13
77 x_1_2 15
77 t 19
77 t 23
77 y_1_2 24
77 y_1_2 26
77 t 30
77 y_1_2 32
77 x_1_2 36
77 t 41
77 y_1_2 45
77 y_1_2 47
77 t 51
77 t 55
78 cz 3 4
78 cz 9 10
78 cz 13 14
78 cz 19 20
78 cz 25 26
78 cz 29 30
78 cz 35 36
78 cz 41 42
78 cz 45 46
78 cz 51 52
78 cz 57 58
78 cz 61 62
78 y_1_2 1
78 y_1_2 2
78 x_1_2 5
78 y_1_2 6
78 t 11
78 t 12
78 y_1_2 17
78 x_1_2 18
78 x_1_2 21
78 y_1_2 22
78 t 27
78 y_1_2 28
78 t 33
78 t 34
78 x_1_2 37
78 t 38
78 t 43
78 t 44
78 x_1_2 49
78 t 50
78 t 53
78 x_1_2 54
78 y_1_2 59
78 x_1_2 60
79 cz 0 8
79 cz 2 10
79 cz 4 12
79 cz 6 14
79 cz 17 25
79 cz 19 27
79 cz 21 29
79 cz 23 31
79 cz 32 40
79 cz 34 42
79 cz 36 44
79 cz 38 46
79 cz 49 57
79 cz 51 59
79 cz 53 61
79 cz 55 63
79 y_1_2 3
79 t 9
79 y_1_2 13
79 y_1_2 20
79 x_1_2 26
79 x_1_2 30
79 t 35
79 x_1_2 41
79 x_1_2 45
79 t 52
79 y_1_2 58
79 y_1_2 62
80 cz 1 9
80 cz 3 11
80 cz 5 13
80 cz 7 15
80 cz 16 24
80 cz 18 26
80 cz 20 28
80 cz 22 30
80 cz 33 41
80 cz 35 43
80 cz 37 45
80 cz 39 47
80 cz 48 56
80 cz 50 58
80 cz 52 60
80 cz 54 62
80 y_1_2 0
80 x_1_2 2
80 y_1_2 4
80 t 6
80 y_1_2 8
80 y_1_2 10
80 x_1_2 12
80 x_1_2 14
80 t 17
80 y_1_2 19
80 y_1_2 21
80 x_1_2 23
80 y_1_2 25
80 x_1_2 27
80 t 29
80 x_1_2 31
80 t 32
80 y_1_2 34
80 y_1_2 36
80 y_1_2 38
80 y_1_2 40
80 x_1_2 42
80 x_1_2 44
80 t 46
80 y_1_2 49
80 y_1_2 51
80 x_1_2 53
80 x_1_2 55
80 x_1_2 57
80 x_1_2 59
80 y_1_2 61
80 t 63
81 cz 0 1
81 cz 4 5
81 cz 10 11
81 cz 14 15
81 cz 16 17
81 cz 20 21
81 cz 26 27
81 cz 30 31
81 cz 32 33
81 cz 36 37
81 cz 42 43
81 cz 46 47
81 cz 48 49
81 cz 52 53
81 cz 58 59
81 cz 62 63
81 x_1_2 3
81 x_1_2 7
81 x_1_2 9
81 t 13
81 t 18
81 x_1_2 22
81 x_1_2 24
81 x_1_2 28
81 y_1_2 35
81 t 39
81 t 41
81 y_1_2 45
81 y_1_2 50
81 y_1_2 54
81 x_1_2 56
81 t 60
82 cz 2 3
82 cz 6 7
82 cz 8 9
82 cz 12 13
82 cz 18 19
82 cz 22 23
82 cz 24 25
82 cz 28 29
82 cz 34 35
82 cz 38 39
82 cz 40 41
82 cz 44 45
82 cz 50 51
82 cz 54 55
82 cz 56 57
82 cz 60 61
82 x_1_2 0
82 t 1
82 x_1_2 4
82 t 5
82 t 10
82 x_1_2 11
82 t 14
82 t 15
82 t 16
82 y_1_2 17
82 x_1_2 20
82 x_1_2 21
82 y_1_2 26
82 t 27
82 y_1_2 30
82 y_1_2 31
82 x_1_2 32
82 y_1_2 33
82 t 36
82 t 37
82 t 42
82 y_1_2 43
82 y_1_2 46
82 x_1_2 47
82 y_1_2 48
82 x_1_2 49
82 x_1_2 52
82 y_1_2 53
82 x_1_2 58
82 y_1_2 59
82 t 62
82 x_1_2 63
83 cz 8 16
83 cz 10 18
83 cz 12 20
83 cz 14 22
83 cz 25 33
83 cz 27 35
83 cz 29 37
83 cz 31 39
83 cz 40 48
83 cz 42 50
83 cz 44 52
83 cz 46 54
83 y_1_2 2
83 y_1_2 3
83 y_1_2 6
83 y_1_2 7
83 t 9
83 x_1_2 13
83 t 19
83 t 23
83 t 24
83 t 28
83 t 34
83 x_1_2 38
83 y_1_2 41
83 x_1_2 45
83 t 51
83 y_1_2 55
83 y_1_2 56
83 t 57
83 x_1_2 60
83 x_1_2 61
84 cz 9 17
84 cz 11 19
84 cz 13 21
84 cz 15 23
84 cz 24 32
84 cz 26 34
84 cz 28 36
84 cz 30 38
84 cz 41 49
84 cz 43 51
84 cz 45 53
84 cz 47 55
84 x_1_2 8
84 y_1_2 10
84 t 12
84 y_1_2 14
84 x_1_2 16
84 y_1_2 18
84 t 20
84 t 22
84 x_1_2 25
84 y_1_2 27
84 x_1_2 29
84 t 31
84 x_1_2 33
84 x_1_2 35
84 y_1_2 37
84 y_1_2 39
84 t 40
84 y_1_2 42
84 y_1_2 44
84 x_1_2 46
84 x_1_2 48
84 x_1_2 50
84 y_1_2 52
84 x_1_2 54
85 cz 1 2
85 cz 5 6
85 cz 11 12
85 cz 17 18
85 cz 21 22
85 cz 27 28
85 cz 33 34
85 cz 37 38
85 cz 43 44
85 cz 49 50
85 cz 53 54
85 cz 59 60
85 x_1_2 9
85 y_1_2 13
85 y_1_2 15
85 y_1_2 19
85 y_1_2 23
85 x_1_2 24
85 x_1_2 26
85 t 30
85 y_1_2 32
85 y_1_2 36
85 t 41
85 t 45
85 t 47
85 y_1_2 51
85 x_1_2 55
86 cz 3 4
86 cz 9 10
86 cz 13 14
86 cz 19 20
86 cz 25 26
86 cz 29 30
86 cz 35 36
86 cz 41 42
86 cz 45 46
86 cz 51 52
86 cz 57 58
86 cz 61 62
86 x_1_2 1
86 t 2
86 x_1_2 5
86 x_1_2 6
86 y_1_2 11
86 y_1_2 12
86 t 17
86 t 18
86 y_1_2 21
86 x_1_2 22
86 x_1_2 27
86 y_1_2 28
86 y_1_2 33
86 y_1_2 34
86 t 37
86 y_1_2 38
86 x_1_2 43
86 x_1_2 44
86 t 49
86 y_1_2 50
86 x_1_2 53
86 y_1_2 54
86 x_1_2 59
86 y_1_2 60
87 cz 0 8
87 cz 2 10
87 cz 4 12
87 cz 6 14
87 cz 17 25
87 cz 19 27
87 cz 21 29
87 cz 23 31
87 cz 32 40
87 cz 34 42
87 cz 36 44
87 cz 38 46
87 cz 49 57
87 cz 51 59
87 cz 53 61
87 cz 55 63
87 t 3
87 y_1_2 9
87 x_1_2 13
87 y_1_2 20
87 y_1_2 26
87 x_1_2 30
87 y_1_2 35
87 x_1_2 41
87 y_1_2 45
87 t 52
87 y_1_2 58
87 x_1_2 62
88 cz 1 9
88 cz 3 11
88 cz 5 13
88 cz 7 15
88 cz 16 24
88 cz 18 26
88 cz 20 28
88 cz 22 30
88 cz 33 41
88 cz 35 43
88 cz 37 45
88 cz 39 47
88 cz 48 56
88 cz 50 58
88 cz 52 60
88 cz 54 62
88 t 0
88 y_1_2 2
88 t 4
88 y_1_2 6
88 y_1_2 8
88 x_1_2 10
88 t 12
88 t 14
88 x_1_2 17
88 x_1_2 19
88 x_1_2 21
88 x_1_2 23
88 t 25
88 y_1_2 27
88 y_1_2 29
88 x_1_2 31
88 t 32
88 x_1_2 34
88 x_1_2 36
88 x_1_2 38
88 x_1_2 40
88 t 42
88 y_1_2 44
88 y_1_2 46
88 x_1_2 49
88 x_1_2 51
88 y_1_2 53
88 t 55
88 y_1_2 57
88 y_1_2 59
88 t 61
88 t 63
89 cz 0 1
89 cz 4 5
89 cz 10 11
89 cz 14 15
89 cz 16 17
89 cz 20 21
89 cz 26 27
89 cz 30 31
89 cz 32 33
89 cz 36 37
89 cz 42 43
89 cz 46 47
89 cz 48 49
89 cz 52 53
89 cz 58 59
89 cz 62 63
89 y_1_2 3
89 t 7
89 t 9
89 t 13
89 x_1_2 18
89 t 22
89 t 24
89 t 28
89 x_1_2 35
89 t 39
89 y_1_2 41
89 x_1_2 45
89 t 50
89 t 54
89 t 56
89 x_1_2 60
90 cz 2 3
90 cz 6 7
90 cz 8 9
90 cz 12 13
90 cz 18 19
90 cz 22 23
90 cz 24 25
90 cz 28 29
90 cz 34 35
90 cz 38 39
90 cz 40 41
90 cz 44 45
90 cz 50 51
90 cz 54 55
90 cz 56 57
90 cz 60 61
90 x_1_2 0
90 t 1
90 x_1_2 4
90 t 5
90 t 10
90 x_1_2 11
90 y_1_2 14
90 t 15
90 y_1_2 16
90 y_1_2 17
90 t 20
90 t 21
90 t 26
90 t 27
90 y_1_2 30
90 y_1_2 31
90 x_1_2 32
90 t 33
90 t 36
90 y_1_2 37
90 y_1_2 42
90 t 43
90 x_1_2 46
90 x_1_2 47
90 t 48
90 t 49
90 x_1_2 52
90 x_1_2 53
90 t 58
90 x_1_2 59
90 y_1_2 62
90 y_1_2 63
91 cz 8 16
91 cz 10 18
91 cz 12 20
91 cz 14 22
91 cz 25 33
91 cz 27 35
91 cz 29 37
91 cz 31 39
91 cz 40 48
91 cz 42 50
91 cz 44 52
91 cz 46 54
91 x_1_2 2
91 t 3
91 t 6
91 y_1_2 7
91 y_1_2 9
91 x_1_2 13
91 y_1_2 19
91 y_1_2 23
91 x_1_2 24
91 y_1_2 28
91 t 34
91 t 38
91 t 41
91 t 45
91 y_1_2 51
91 x_1_2 55
91 y_1_2 56
91 x_1_2 57
91 y_1_2 60
91 y_1_2 61
92 cz 9 17
92 cz 11 19
92 cz 13 21
92 cz 15 23
92 cz 24 32
92 cz 26 34
92 cz 28 36
92 cz 30 38
92 cz 41 49
92 cz 43 51
92 cz 45 53
92 cz 47 55
92 x_1_2 8
92 y_1_2 10
92 x_1_2 12
92 t 14
92 t 16
92 y_1_2 18
92 x_1_2 20
92 y_1_2 22
92 x_1_2 25
92 x_1_2 27
92 x_1_2 29
92 t 31
92 y_1_2 33
92 y_1_2 35
92 x_1_2 37
92 x_1_2 39
92 y_1_2 40
92 x_1_2 42
92 t 44
92 t 46
92 y_1_2 48
92 y_1_2 50
92 t 52
92 x_1_2 54
93 cz 1 2
93 cz 5 6
93 cz 11 12
93 cz 17 18
93 cz 21 22
93 cz 27 28
93 cz 33 34
93 cz 37 38
93 cz 43 44
93 cz 49 50
93 cz 53 54
93 cz 59 60
93 t 9
93 t 13
93 y_1_2 15
93 t 19
93 t 23
93 y_1_2 24
93 x_1_2 26
93 t 30
93 t 32
93 y_1_2 36
93 x_1_2 41
93 x_1_2 45
93 t 47
93 x_1_2 51
93 y_1_2 55
94 cz 3 4
94 cz 9 10
94 cz 13 14
94 cz 19 20
94 cz 25 26
94 cz 29 30
94 cz 35 36
94 cz 41 42
94 cz 45 46
94 cz 51 52
94 cz 57 58
94 cz 61 62
94 x_1_2 1
94 y_1_2 2
94 y_1_2 5
94 x_1_2 6
94 t 11
94 y_1_2 12
94 x_1_2 17
94 x_1_2 18
94 x_1_2 21
94 t 22
94 t 27
94 x_1_2 28
94 x_1_2 33
94 x_1_2 34
94 t 37
94 x_1_2 38
94 x_1_2 43
94 x_1_2 44
94 x_1_2 49
94 t 50
94 y_1_2 53
94 t 54
94 t 59
94 t 60
95 cz 0 8
95 cz 2 10
95 cz 4 12
95 cz 6 14
95 cz 17 25
95 cz 19 27
95 cz 21 29
95 cz 23 31
95 cz 32 40
95 cz 34 42
95 cz 36 44
95 cz 38 46
95 cz 49 57
95 cz 51 59
95 cz 53 61
95 cz 55 63
95 y_1_2 3
95 x_1_2 9
95 x_1_2 13
95 t 20
95 y_1_2 26
95 y_1_2 30
95 t 35
95 y_1_2 41
95 t 45
95 y_1_2 52
95 x_1_2 58
95 t 62
96 cz 1 9
96 cz 3 11
96 cz 5 13
96 cz 7 15
96 cz 16 24
96 cz 18 26
96 cz 20 28
96 cz 22 30
96 cz 33 41
96 cz 35 43
96 cz 37 45
96 cz 39 47
96 cz 48 56
96 cz 50 58
96 cz 52 60
96 cz 54 62
96 t 0
96 x_1_2 2
96 t 4
96 y_1_2 6
96 t 8
96 t 10
96 x_1_2 12
96 x_1_2 14
96 y_1_2 17
96 x_1_2 19
96 y_1_2 21
96 x_1_2 23
96 t 25
96 x_1_2 27
96 y_1_2 29
96 x_1_2 31
96 x_1_2 32
96 t 34
96 t 36
96 y_1_2 38
96 x_1_2 40
96 t 42
96 y_1_2 44
96 x_1_2 46
96 t 49
96 t 51
96 t 53
96 x_1_2 55
96 t 57
96 y_1_2 59
96 t 61
96 t 63
97 cz 0 1
97 cz 4 5
97 cz 10 11
97 cz 14 15
97 cz 16 17
97 cz 20 21
97 cz 26 27
97 cz 30 31
97 cz 32 33
97 cz 36 37
97 cz 42 43
97 cz 46 47
97 cz 48 49
97 cz 52 53
97 cz 58 59
97 cz 62 63
97 x_1_2 3
97 t 7
97 y_1_2 9
97 t 13
97 t 18
97 y_1_2 22
97 x_1_2 24
97 y_1_2 28
97 y_1_2 35
97 y_1_2 39
97 t 41
97 x_1_2 45
97 y_1_2 50
97 x_1_2 54
97 x_1_2 56
97 x_1_2 60
98 cz 2 3
98 cz 6 7
98 cz 8 9
98 cz 12 13
98 cz 18 19
98 cz 22 23
98 cz 24 25
98 cz 28 29
98 cz 34 35
98 cz 38 39
98 cz 40 41
98 cz 44 45
98 cz 50 51
98 cz 54 55
98 cz 56 57
98 cz 60 61
98 x_1_2 0
98 t 1
98 x_1_2 4
98 t 5
98 y_1_2 10
98 y_1_2 11
98 t 14
98 t 15
98 x_1_2 16
98 x_1_2 17
98 x_1_2 20
98 x_1_2 21
98 t 26
98 t 27
98 x_1_2 30
98 y_1_2 31
98 t 32
98 t 33
98 y_1_2 36
98 y_1_2 37
98 x_1_2 42
98 t 43
98 t 46
98 y_1_2 47
98 t 48
98 y_1_2 49
98 x_1_2 52
98 y_1_2 53
98 t 58
98 t 59
98 x_1_2 62
98 y_1_2 63
99 cz 8 16
99 cz 10 18
99 cz 12 20
99 cz 14 22
99 cz 25 33
99 cz 27 35
99 cz 29 37
99 cz 31 39
99 cz 40 48
99 cz 42 50
99 cz 44 52
99 cz 46 54
99 y_1_2 2
99 t 3
99 t 6
99 y_1_2 7
99 t 9
99 y_1_2 13
99 y_1_2 19
99 t 23
99 y_1_2 24
99 t 28
99 y_1_2 34
99 t 38
99 x_1_2 41
99 y_1_2 45
99 x_1_2 51
99 y_1_2 55
99 y_1_2 56
99 x_1_2 57
99 y_1_2 60
99 x_1_2 61
100 cz 9 17
100 cz 11 19
100 cz 13 21
100 cz 15 23
100 cz 24 32
100 cz 26 34
100 cz 28 36
100 cz 30 38
100 cz 41 49
100 cz 43 51
100 cz 45 53
100 cz 47 55
100 y_1_2 8
100 x_1_2 10
100 t 12
100 y_1_2 14
100 t 16
100 x_1_2 18
100 y_1_2 20
100 x_1_2 22
100 x_1_2 25
100 y_1_2 27
100 x_1_2 29
100 t 31
100 y_1_2 33
100 x_1_2 35
100 x_1_2 37
100 x_1_2 39
100 y_1_2 40
100 y_1_2 42
100 t 44
100 y_1_2 46
100 y_1_2 48
100 x_1_2 50
100 y_1_2 52
100 y_1_2 54
