50
0 h 0
0 h 1
0 h 2
0 h 3
0 h 4
0 h 5
0 h 6
0 h 7
0 h 8
0 h 9
0 h 10
0 h 11
0 h 12
0 h 13
0 h 14
0 h 15
0 h 16
0 h 17
0 h 18
0 h 19
0 h 20
0 h 21
0 h 22
0 h 23
0 h 24
0 h 25
0 h 26
0 h 27
0 h 28
0 h 29
0 h 30
0 h 31
0 h 32
0 h 33
0 h 34
0 h 35
0 h 36
0 h 37
0 h 38
0 h 39
0 h 40
0 h 41
0 h 42
0 h 43
0 h 44
0 h 45
0 h 46
0 h 47
0 h 48
0 h 49
1 cz 0 1
1 cz 4 5
1 cz 8 9
1 cz 12 13
1 cz 16 17
1 cz 20 21
1 cz 24 25
1 cz 28 29
1 cz 32 33
1 cz 36 37
1 cz 40 41
1 cz 44 45
1 cz 48 49
2 cz 2 3
2 cz 6 7
2 cz 10 11
2 cz 14 15
2 cz 18 19
2 cz 22 23
2 cz 26 27
2 cz 30 31
2 cz 34 35
2 cz 38 39
2 cz 42 43
2 cz 46 47
2 t 0
2 t 1
2 t 4
2 t 5
2 t 8
2 t 9
2 t 12
2 t 13
2 t 16
2 t 17
2 t 20
2 t 21
2 t 24
2 t 25
2 t 28
2 t 29
2 t 32
2 t 33
2 t 36
2 t 37
2 t 40
2 t 41
2 t 44
2 t 45
2 t 48
2 t 49
3 cz 10 20
3 cz 31 41
3 cz 12 22
3 cz 33 43
3 cz 14 24
3 cz 35 45
3 cz 16 26
3 cz 37 47
3 cz 18 28
3 cz 39 49
3 t 2
3 t 3
3 t 6
3 t 7
3 t 11
3 t 15
3 t 19
3 t 23
3 t 27
3 t 30
3 t 34
3 t 38
3 t 42
3 t 46
4 cz 30 40
4 cz 11 21
4 cz 32 42
4 cz 13 23
4 cz 34 44
4 cz 15 25
4 cz 36 46
4 cz 17 27
4 cz 38 48
4 cz 19 29
4 t 10
4 x_1_2 12
4 t 14
4 y_1_2 16
4 t 18
4 x_1_2 20
4 t 22
4 y_1_2 24
4 t 26
4 y_1_2 28
4 t 31
4 x_1_2 33
4 t 35
4 x_1_2 37
4 t 39
4 y_1_2 41
4 t 43
4 x_1_2 45
4 t 47
4 x_1_2 49
5 cz 1 2
5 cz 5 6
5 cz 13 14
5 cz 17 18
5 cz 21 22
5 cz 25 26
5 cz 33 34
5 cz 37 38
5 cz 41 42
5 cz 45 46
5 y_1_2 11
5 x_1_2 15
5 y_1_2 19
5 x_1_2 23
5 y_1_2 27
5 x_1_2 29
5 y_1_2 30
5 y_1_2 32
5 y_1_2 36
5 y_1_2 40
5 y_1_2 44
5 x_1_2 48
6 cz 3 4
6 cz 7 8
6 cz 11 12
6 cz 15 16
6 cz 23 24
6 cz 27 28
6 cz 31 32
6 cz 35 36
6 cz 43 44
6 cz 47 48
6 y_1_2 1
6 y_1_2 2
6 x_1_2 5
6 x_1_2 6
6 y_1_2 13
6 x_1_2 14
6 y_1_2 17
6 y_1_2 18
6 y_1_2 21
6 y_1_2 22
6 x_1_2 25
6 y_1_2 26
6 t 33
6 y_1_2 34
6 y_1_2 37
6 x_1_2 38
6 t 41
6 x_1_2 42
6 y_1_2 45
6 x_1_2 46
7 cz 0 10
7 cz 21 31
7 cz 2 12
7 cz 23 33
7 cz 4 14
7 cz 25 35
7 cz 6 16
7 cz 27 37
7 cz 8 18
7 cz 29 39
7 y_1_2 3
7 x_1_2 7
7 x_1_2 11
7 t 15
7 t 24
7 x_1_2 28
7 x_1_2 32
7 x_1_2 36
7 y_1_2 43
7 x_1_2 44
7 y_1_2 47
7 y_1_2 48
8 cz 20 30
8 cz 1 11
8 cz 22 32
8 cz 3 13
8 cz 24 34
8 cz 5 15
8 cz 26 36
8 cz 7 17
8 cz 28 38
8 cz 9 19
8 y_1_2 0
8 t 2
8 y_1_2 4
8 y_1_2 6
8 y_1_2 8
8 y_1_2 10
8 y_1_2 12
8 t 14
8 x_1_2 16
8 x_1_2 18
8 t 21
8 t 23
8 y_1_2 25
8 x_1_2 27
8 t 29
8 y_1_2 31
8 x_1_2 33
8 x_1_2 35
8 t 37
8 y_1_2 39
9 cz 0 1
9 cz 4 5
9 cz 8 9
9 cz 12 13
9 cz 16 17
9 cz 20 21
9 cz 24 25
9 cz 28 29
9 cz 32 33
9 cz 36 37
9 cz 40 41
9 cz 44 45
9 cz 48 49
9 x_1_2 3
9 t 7
9 y_1_2 11
9 x_1_2 15
9 x_1_2 19
9 t 22
9 x_1_2 26
9 x_1_2 30
9 x_1_2 34
9 y_1_2 38
10 cz 2 3
10 cz 6 7
10 cz 10 11
10 cz 14 15
10 cz 18 19
10 cz 22 23
10 cz 26 27
10 cz 30 31
10 cz 34 35
10 cz 38 39
10 cz 42 43
10 cz 46 47
10 t 0
10 t 1
10 x_1_2 4
10 t 5
10 t 8
10 x_1_2 9
10 x_1_2 12
10 t 13
10 t 16
10 x_1_2 17
10 t 20
10 y_1_2 21
10 y_1_2 24
10 t 25
10 t 28
10 y_1_2 29
10 y_1_2 32
10 y_1_2 33
10 y_1_2 36
10 y_1_2 37
10 x_1_2 40
10 y_1_2 41
10 t 44
10 x_1_2 45
10 t 48
10 t 49
11 cz 10 20
11 cz 31 41
11 cz 12 22
11 cz 33 43
11 cz 14 24
11 cz 35 45
11 cz 16 26
11 cz 37 47
11 cz 18 28
11 cz 39 49
11 y_1_2 2
11 y_1_2 3
11 x_1_2 6
11 x_1_2 7
11 t 11
11 y_1_2 15
11 t 19
11 y_1_2 23
11 y_1_2 27
11 t 30
11 y_1_2 34
11 t 38
11 y_1_2 42
11 t 46
12 cz 30 40
12 cz 11 21
12 cz 32 42
12 cz 13 23
12 cz 34 44
12 cz 15 25
12 cz 36 46
12 cz 17 27
12 cz 38 48
12 cz 19 29
12 x_1_2 10
12 y_1_2 12
12 x_1_2 14
12 x_1_2 16
12 y_1_2 18
12 y_1_2 20
12 x_1_2 22
12 t 24
12 y_1_2 26
12 x_1_2 28
12 t 31
12 t 33
12 t 35
12 x_1_2 37
12 t 39
12 t 41
12 x_1_2 43
12 t 45
12 x_1_2 47
12 y_1_2 49
13 cz 1 2
13 cz 5 6
13 cz 13 14
13 cz 17 18
13 cz 21 22
13 cz 25 26
13 cz 33 34
13 cz 37 38
13 cz 41 42
13 cz 45 46
13 x_1_2 11
13 t 15
13 y_1_2 19
13 t 23
13 t 27
13 t 29
13 y_1_2 30
13 t 32
13 t 36
13 t 40
13 y_1_2 44
13 x_1_2 48
14 cz 3 4
14 cz 7 8
14 cz 11 12
14 cz 15 16
14 cz 23 24
14 cz 27 28
14 cz 31 32
14 cz 35 36
14 cz 43 44
14 cz 47 48
14 y_1_2 1
14 t 2
14 x_1_2 5
14 y_1_2 6
14 y_1_2 13
14 t 14
14 t 17
14 t 18
14 x_1_2 21
14 t 22
14 y_1_2 25
14 x_1_2 26
14 x_1_2 33
14 t 34
14 y_1_2 37
14 y_1_2 38
14 y_1_2 41
14 t 42
14 x_1_2 45
14 x_1_2 46
15 cz 0 10
15 cz 21 31
15 cz 2 12
15 cz 23 33
15 cz 4 14
15 cz 25 35
15 cz 6 16
15 cz 27 37
15 cz 8 18
15 cz 29 39
15 x_1_2 3
15 t 7
15 t 11
15 x_1_2 15
15 x_1_2 24
15 t 28
15 y_1_2 32
15 x_1_2 36
15 t 43
15 x_1_2 44
15 y_1_2 47
15 y_1_2 48
16 cz 20 30
16 cz 1 11
16 cz 22 32
16 cz 3 13
16 cz 24 34
16 cz 5 15
16 cz 26 36
16 cz 7 17
16 cz 28 38
16 cz 9 19
16 x_1_2 0
16 y_1_2 2
16 y_1_2 4
16 t 6
16 y_1_2 8
16 y_1_2 10
16 x_1_2 12
16 y_1_2 14
16 t 16
16 x_1_2 18
16 t 21
16 x_1_2 23
16 x_1_2 25
16 x_1_2 27
16 y_1_2 29
16 x_1_2 31
16 y_1_2 33
16 y_1_2 35
16 x_1_2 37
16 y_1_2 39
17 cz 0 1
17 cz 4 5
17 cz 8 9
17 cz 12 13
17 cz 16 17
17 cz 20 21
17 cz 24 25
17 cz 28 29
17 cz 32 33
17 cz 36 37
17 cz 40 41
17 cz 44 45
17 cz 48 49
17 y_1_2 3
17 y_1_2 7
17 x_1_2 11
17 y_1_2 15
17 t 19
17 x_1_2 22
17 y_1_2 26
17 x_1_2 30
17 x_1_2 34
17 x_1_2 38
18 cz 2 3
18 cz 6 7
18 cz 10 11
18 cz 14 15
18 cz 18 19
18 cz 22 23
18 cz 26 27
18 cz 30 31
18 cz 34 35
18 cz 38 39
18 cz 42 43
18 cz 46 47
18 y_1_2 0
18 t 1
18 t 4
18 y_1_2 5
18 t 8
18 y_1_2 9
18 t 12
18 t 13
18 y_1_2 16
18 y_1_2 17
18 t 20
18 y_1_2 21
18 y_1_2 24
18 y_1_2 25
18 y_1_2 28
18 t 29
18 x_1_2 32
18 x_1_2 33
18 t 36
18 t 37
18 x_1_2 40
18 x_1_2 41
18 t 44
18 t 45
18 x_1_2 48
18 t 49
19 cz 10 20
19 cz 31 41
19 cz 12 22
19 cz 33 43
19 cz 14 24
19 cz 35 45
19 cz 16 26
19 cz 37 47
19 cz 18 28
19 cz 39 49
19 t 2
19 t 3
19 x_1_2 6
19 t 7
19 y_1_2 11
19 x_1_2 15
19 x_1_2 19
19 y_1_2 23
19 t 27
19 t 30
19 t 34
19 y_1_2 38
19 y_1_2 42
19 t 46
20 cz 30 40
20 cz 11 21
20 cz 32 42
20 cz 13 23
20 cz 34 44
20 cz 15 25
20 cz 36 46
20 cz 17 27
20 cz 38 48
20 cz 19 29
20 t 10
20 x_1_2 12
20 t 14
20 x_1_2 16
20 y_1_2 18
20 x_1_2 20
20 t 22
20 t 24
20 t 26
20 x_1_2 28
20 y_1_2 31
20 t 33
20 x_1_2 35
20 y_1_2 37
20 t 39
20 t 41
20 x_1_2 43
20 y_1_2 45
20 t 47
20 y_1_2 49
21 cz 1 2
21 cz 5 6
21 cz 13 14
21 cz 17 18
21 cz 21 22
21 cz 25 26
21 cz 33 34
21 cz 37 38
21 cz 41 42
21 cz 45 46
21 t 11
21 t 15
21 y_1_2 19
21 x_1_2 23
21 x_1_2 27
21 x_1_2 29
21 x_1_2 30
21 y_1_2 32
21 y_1_2 36
21 t 40
21 y_1_2 44
21 y_1_2 48
22 cz 3 4
22 cz 7 8
22 cz 11 12
22 cz 15 16
22 cz 23 24
22 cz 27 28
22 cz 31 32
22 cz 35 36
22 cz 43 44
22 cz 47 48
22 x_1_2 1
22 x_1_2 2
22 t 5
22 y_1_2 6
22 y_1_2 13
22 y_1_2 14
22 x_1_2 17
22 x_1_2 18
22 x_1_2 21
22 y_1_2 22
22 t 25
22 y_1_2 26
22 x_1_2 33
22 x_1_2 34
22 x_1_2 37
22 t 38
22 x_1_2 41
22 t 42
22 x_1_2 45
22 x_1_2 46
23 cz 0 10
23 cz 21 31
23 cz 2 12
23 cz 23 33
23 cz 4 14
23 cz 25 35
23 cz 6 16
23 cz 27 37
23 cz 8 18
23 cz 29 39
23 x_1_2 3
23 y_1_2 7
23 x_1_2 11
23 y_1_2 15
23 y_1_2 24
23 y_1_2 28
23 x_1_2 32
23 x_1_2 36
23 y_1_2 43
23 t 44
23 y_1_2 47
23 x_1_2 48
24 cz 20 30
24 cz 1 11
24 cz 22 32
24 cz 3 13
24 cz 24 34
24 cz 5 15
24 cz 26 36
24 cz 7 17
24 cz 28 38
24 cz 9 19
24 x_1_2 0
24 t 2
24 y_1_2 4
24 x_1_2 6
24 x_1_2 8
24 x_1_2 10
24 y_1_2 12
24 x_1_2 14
24 t 16
24 t 18
24 t 21
24 y_1_2 23
24 y_1_2 25
24 t 27
24 t 29
24 t 31
24 t 33
24 t 35
24 t 37
24 y_1_2 39
25 cz 0 1
25 cz 4 5
25 cz 8 9
25 cz 12 13
25 cz 16 17
25 cz 20 21
25 cz 24 25
25 cz 28 29
25 cz 32 33
25 cz 36 37
25 cz 40 41
25 cz 44 45
25 cz 48 49
25 y_1_2 3
25 t 7
25 y_1_2 11
25 t 15
25 x_1_2 19
25 x_1_2 22
25 x_1_2 26
25 y_1_2 30
25 t 34
25 y_1_2 38
26 cz 2 3
26 cz 6 7
26 cz 10 11
26 cz 14 15
26 cz 18 19
26 cz 22 23
26 cz 26 27
26 cz 30 31
26 cz 34 35
26 cz 38 39
26 cz 42 43
26 cz 46 47
26 y_1_2 0
26 t 1
26 t 4
26 y_1_2 5
26 y_1_2 8
26 x_1_2 9
26 t 12
26 x_1_2 13
26 x_1_2 16
26 t 17
26 t 20
26 y_1_2 21
26 t 24
26 t 25
26 x_1_2 28
26 y_1_2 29
26 t 32
26 y_1_2 33
26 t 36
26 y_1_2 37
26 y_1_2 40
26 t 41
26 x_1_2 44
26 t 45
26 t 48
26 t 49
27 cz 10 20
27 cz 31 41
27 cz 12 22
27 cz 33 43
27 cz 14 24
27 cz 35 45
27 cz 16 26
27 cz 37 47
27 cz 18 28
27 cz 39 49
27 x_1_2 2
27 t 3
27 t 6
27 y_1_2 7
27 t 11
27 y_1_2 15
27 t 19
27 x_1_2 23
27 x_1_2 27
27 x_1_2 30
27 y_1_2 34
27 x_1_2 38
27 x_1_2 42
27 y_1_2 46
28 cz 30 40
28 cz 11 21
28 cz 32 42
28 cz 13 23
28 cz 34 44
28 cz 15 25
28 cz 36 46
28 cz 17 27
28 cz 38 48
28 cz 19 29
28 y_1_2 10
28 x_1_2 12
28 y_1_2 14
28 y_1_2 16
28 x_1_2 18
28 x_1_2 20
28 t 22
28 y_1_2 24
28 y_1_2 26
28 y_1_2 28
28 y_1_2 31
28 t 33
28 x_1_2 35
28 t 37
28 t 39
28 y_1_2 41
28 x_1_2 43
28 y_1_2 45
28 t 47
28 y_1_2 49
29 cz 1 2
29 cz 5 6
29 cz 13 14
29 cz 17 18
29 cz 21 22
29 cz 25 26
29 cz 33 34
29 cz 37 38
29 cz 41 42
29 cz 45 46
29 x_1_2 11
29 t 15
29 y_1_2 19
29 t 23
29 t 27
29 x_1_2 29
29 t 30
29 x_1_2 32
29 y_1_2 36
29 x_1_2 40
29 t 44
29 x_1_2 48
30 cz 3 4
30 cz 7 8
30 cz 11 12
30 cz 15 16
30 cz 23 24
30 cz 27 28
30 cz 31 32
30 cz 35 36
30 cz 43 44
30 cz 47 48
30 x_1_2 1
30 t 2
30 t 5
30 y_1_2 6
30 y_1_2 13
30 t 14
30 y_1_2 17
30 t 18
30 t 21
30 y_1_2 22
30 x_1_2 25
30 x_1_2 26
30 y_1_2 33
30 t 34
30 y_1_2 37
30 t 38
30 x_1_2 41
30 y_1_2 42
30 t 45
30 x_1_2 46
31 cz 0 10
31 cz 21 31
31 cz 2 12
31 cz 23 33
31 cz 4 14
31 cz 25 35
31 cz 6 16
31 cz 27 37
31 cz 8 18
31 cz 29 39
31 y_1_2 3
31 x_1_2 7
31 t 11
31 y_1_2 15
31 x_1_2 24
31 x_1_2 28
31 y_1_2 32
31 t 36
31 t 43
31 x_1_2 44
31 y_1_2 47
31 y_1_2 48
32 cz 20 30
32 cz 1 11
32 cz 22 32
32 cz 3 13
32 cz 24 34
32 cz 5 15
32 cz 26 36
32 cz 7 17
32 cz 28 38
32 cz 9 19
32 x_1_2 0
32 x_1_2 2
32 y_1_2 4
32 x_1_2 6
32 t 8
32 x_1_2 10
32 y_1_2 12
32 x_1_2 14
32 x_1_2 16
32 x_1_2 18
32 x_1_2 21
32 y_1_2 23
32 y_1_2 25
32 y_1_2 27
32 y_1_2 29
32 t 31
32 t 33
32 t 35
32 t 37
32 y_1_2 39
33 cz 0 1
33 cz 4 5
33 cz 8 9
33 cz 12 13
33 cz 16 17
33 cz 20 21
33 cz 24 25
33 cz 28 29
33 cz 32 33
33 cz 36 37
33 cz 40 41
33 cz 44 45
33 cz 48 49
33 x_1_2 3
33 y_1_2 7
33 y_1_2 11
33 t 15
33 t 19
33 t 22
33 y_1_2 26
33 x_1_2 30
33 y_1_2 34
33 x_1_2 38
34 cz 2 3
34 cz 6 7
34 cz 10 11
34 cz 14 15
34 cz 18 19
34 cz 22 23
34 cz 26 27
34 cz 30 31
34 cz 34 35
34 cz 38 39
34 cz 42 43
34 cz 46 47
34 y_1_2 0
34 t 1
34 t 4
34 x_1_2 5
34 y_1_2 8
34 y_1_2 9
34 t 12
34 x_1_2 13
34 t 16
34 t 17
34 t 20
34 t 21
34 y_1_2 24
34 x_1_2 25
34 t 28
34 t 29
34 t 32
34 y_1_2 33
34 y_1_2 36
34 y_1_2 37
34 y_1_2 40
34 t 41
34 t 44
34 x_1_2 45
34 x_1_2 48
34 x_1_2 49
35 cz 10 20
35 cz 31 41
35 cz 12 22
35 cz 33 43
35 cz 14 24
35 cz 35 45
35 cz 16 26
35 cz 37 47
35 cz 18 28
35 cz 39 49
35 t 2
35 t 3
35 y_1_2 6
35 t 7
35 x_1_2 11
35 y_1_2 15
35 y_1_2 19
35 t 23
35 x_1_2 27
35 y_1_2 30
35 x_1_2 34
35 y_1_2 38
35 x_1_2 42
35 t 46
36 cz 30 40
36 cz 11 21
36 cz 32 42
36 cz 13 23
36 cz 34 44
36 cz 15 25
36 cz 36 46
36 cz 17 27
36 cz 38 48
36 cz 19 29
36 y_1_2 10
36 x_1_2 12
36 y_1_2 14
36 y_1_2 16
36 t 18
36 y_1_2 20
36 y_1_2 22
36 t 24
36 x_1_2 26
36 x_1_2 28
36 x_1_2 31
36 x_1_2 33
36 x_1_2 35
36 x_1_2 37
36 x_1_2 39
36 x_1_2 41
36 y_1_2 43
36 y_1_2 45
36 x_1_2 47
36 t 49
37 cz 1 2
37 cz 5 6
37 cz 13 14
37 cz 17 18
37 cz 21 22
37 cz 25 26
37 cz 33 34
37 cz 37 38
37 cz 41 42
37 cz 45 46
37 y_1_2 11
37 x_1_2 15
37 t 19
37 x_1_2 23
37 t 27
37 x_1_2 29
37 x_1_2 30
37 y_1_2 32
37 t 36
37 x_1_2 40
37 y_1_2 44
37 t 48
38 cz 3 4
38 cz 7 8
38 cz 11 12
38 cz 15 16
38 cz 23 24
38 cz 27 28
38 cz 31 32
38 cz 35 36
38 cz 43 44
38 cz 47 48
38 y_1_2 1
38 y_1_2 2
38 y_1_2 5
38 x_1_2 6
38 y_1_2 13
38 t 14
38 y_1_2 17
38 y_1_2 18
38 y_1_2 21
38 t 22
38 y_1_2 25
38 t 26
38 t 33
38 t 34
38 t 37
38 t 38
38 t 41
38 t 42
38 x_1_2 45
38 y_1_2 46
39 cz 0 10
39 cz 21 31
39 cz 2 12
39 cz 23 33
39 cz 4 14
39 cz 25 35
39 cz 6 16
39 cz 27 37
39 cz 8 18
39 cz 29 39
39 x_1_2 3
39 y_1_2 7
39 t 11
39 t 15
39 y_1_2 24
39 t 28
39 t 32
39 y_1_2 36
39 x_1_2 43
39 t 44
39 t 47
39 y_1_2 48
40 cz 20 30
40 cz 1 11
40 cz 22 32
40 cz 3 13
40 cz 24 34
40 cz 5 15
40 cz 26 36
40 cz 7 17
40 cz 28 38
40 cz 9 19
40 x_1_2 0
40 t 2
40 x_1_2 4
40 t 6
40 x_1_2 8
40 t 10
40 t 12
40 x_1_2 14
40 t 16
40 t 18
40 t 21
40 t 23
40 t 25
40 x_1_2 27
40 t 29
40 t 31
40 x_1_2 33
40 t 35
40 x_1_2 37
40 t 39
41 cz 0 1
41 cz 4 5
41 cz 8 9
41 cz 12 13
41 cz 16 17
41 cz 20 21
41 cz 24 25
41 cz 28 29
41 cz 32 33
41 cz 36 37
41 cz 40 41
41 cz 44 45
41 cz 48 49
41 y_1_2 3
41 t 7
41 x_1_2 11
41 x_1_2 15
41 x_1_2 19
41 y_1_2 22
41 x_1_2 26
41 t 30
41 x_1_2 34
41 x_1_2 38
42 cz 2 3
42 cz 6 7
42 cz 10 11
42 cz 14 15
42 cz 18 19
42 cz 22 23
42 cz 26 27
42 cz 30 31
42 cz 34 35
42 cz 38 39
42 cz 42 43
42 cz 46 47
42 y_1_2 0
42 t 1
42 t 4
42 t 5
42 y_1_2 8
42 t 9
42 y_1_2 12
42 t 13
42 y_1_2 16
42 t 17
42 t 20
42 x_1_2 21
42 x_1_2 24
42 y_1_2 25
42 x_1_2 28
42 x_1_2 29
42 y_1_2 32
42 y_1_2 33
42 x_1_2 36
42 t 37
42 t 40
42 x_1_2 41
42 x_1_2 44
42 t 45
42 t 48
42 y_1_2 49
43 cz 10 20
43 cz 31 41
43 cz 12 22
43 cz 33 43
43 cz 14 24
43 cz 35 45
43 cz 16 26
43 cz 37 47
43 cz 18 28
43 cz 39 49
43 y_1_2 2
43 t 3
43 y_1_2 6
43 x_1_2 7
43 y_1_2 11
43 y_1_2 15
43 y_1_2 19
43 x_1_2 23
43 t 27
43 y_1_2 30
43 y_1_2 34
43 t 38
43 x_1_2 42
43 x_1_2 46
44 cz 30 40
44 cz 11 21
44 cz 32 42
44 cz 13 23
44 cz 34 44
44 cz 15 25
44 cz 36 46
44 cz 17 27
44 cz 38 48
44 cz 19 29
44 x_1_2 10
44 t 12
44 t 14
44 x_1_2 16
44 y_1_2 18
44 x_1_2 20
44 x_1_2 22
44 y_1_2 24
44 y_1_2 26
44 y_1_2 28
44 y_1_2 31
44 t 33
44 x_1_2 35
44 x_1_2 37
44 y_1_2 39
44 t 41
44 t 43
44 x_1_2 45
44 y_1_2 47
44 x_1_2 49
45 cz 1 2
45 cz 5 6
45 cz 13 14
45 cz 17 18
45 cz 21 22
45 cz 25 26
45 cz 33 34
45 cz 37 38
45 cz 41 42
45 cz 45 46
45 x_1_2 11
45 t 15
45 t 19
45 t 23
45 y_1_2 27
45 t 29
45 t 30
45 x_1_2 32
45 y_1_2 36
45 x_1_2 40
45 t 44
45 y_1_2 48
46 cz 3 4
46 cz 7 8
46 cz 11 12
46 cz 15 16
46 cz 23 24
46 cz 27 28
46 cz 31 32
46 cz 35 36
46 cz 43 44
46 cz 47 48
46 y_1_2 1
46 x_1_2 2
46 y_1_2 5
46 t 6
46 y_1_2 13
46 y_1_2 14
46 x_1_2 17
46 t 18
46 t 21
46 t 22
46 x_1_2 25
46 t 26
46 y_1_2 33
46 t 34
46 t 37
46 y_1_2 38
46 x_1_2 41
46 t 42
46 t 45
46 y_1_2 46
47 cz 0 10
47 cz 21 31
47 cz 2 12
47 cz 23 33
47 cz 4 14
47 cz 25 35
47 cz 6 16
47 cz 27 37
47 cz 8 18
47 cz 29 39
47 y_1_2 3
47 t 7
47 t 11
47 y_1_2 15
47 t 24
47 x_1_2 28
47 t 32
47 x_1_2 36
47 y_1_2 43
47 y_1_2 44
47 x_1_2 47
47 t 48
48 cz 20 30
48 cz 1 11
48 cz 22 32
48 cz 3 13
48 cz 24 34
48 cz 5 15
48 cz 26 36
48 cz 7 17
48 cz 28 38
48 cz 9 19
48 t 0
48 t 2
48 y_1_2 4
48 x_1_2 6
48 t 8
48 y_1_2 10
48 x_1_2 12
48 x_1_2 14
48 t 16
48 x_1_2 18
48 x_1_2 21
48 y_1_2 23
48 y_1_2 25
48 x_1_2 27
48 y_1_2 29
48 x_1_2 31
48 t 33
48 y_1_2 35
48 x_1_2 37
48 t 39
49 cz 0 1
49 cz 4 5
49 cz 8 9
49 cz 12 13
49 cz 16 17
49 cz 20 21
49 cz 24 25
49 cz 28 29
49 cz 32 33
49 cz 36 37
49 cz 40 41
49 cz 44 45
49 cz 48 49
49 x_1_2 3
49 y_1_2 7
49 y_1_2 11
49 t 15
49 y_1_2 19
49 x_1_2 22
49 y_1_2 26
49 x_1_2 30
49 x_1_2 34
49 t 38
50 cz 2 3
50 cz 6 7
50 cz 10 11
50 cz 14 15
50 cz 18 19
50 cz 22 23
50 cz 26 27
50 cz 30 31
50 cz 34 35
50 cz 38 39
50 cz 42 43
50 cz 46 47
50 x_1_2 0
50 x_1_2 1
50 x_1_2 4
50 t 5
50 y_1_2 8
50 y_1_2 9
50 t 12
50 t 13
50 y_1_2 16
50 t 17
50 t 20
50 t 21
50 x_1_2 24
50 t 25
50 y_1_2 28
50 x_1_2 29
50 y_1_2 32
50 y_1_2 33
50 y_1_2 36
50 y_1_2 37
50 y_1_2 40
50 t 41
50 x_1_2 44
50 y_1_2 45
50 y_1_2 48
50 t 49
51 cz 10 20
51 cz 31 41
51 cz 12 22
51 cz 33 43
51 cz 14 24
51 cz 35 45
51 cz 16 26
51 cz 37 47
51 cz 18 28
51 cz 39 49
51 y_1_2 2
51 t 3
51 y_1_2 6
51 x_1_2 7
51 t 11
51 y_1_2 15
51 t 19
51 t 23
51 y_1_2 27
51 t 30
51 y_1_2 34
51 y_1_2 38
51 x_1_2 42
51 x_1_2 46
52 cz 30 40
52 cz 11 21
52 cz 32 42
52 cz 13 23
52 cz 34 44
52 cz 15 25
52 cz 36 46
52 cz 17 27
52 cz 38 48
52 cz 19 29
52 t 10
52 x_1_2 12
52 t 14
52 x_1_2 16
52 y_1_2 18
52 x_1_2 20
52 t 22
52 t 24
52 t 26
52 t 28
52 t 31
52 x_1_2 33
52 x_1_2 35
52 x_1_2 37
52 y_1_2 39
52 y_1_2 41
52 t 43
52 t 45
52 t 47
52 x_1_2 49
53 cz 1 2
53 cz 5 6
53 cz 13 14
53 cz 17 18
53 cz 21 22
53 cz 25 26
53 cz 33 34
53 cz 37 38
53 cz 41 42
53 cz 45 46
53 y_1_2 11
53 x_1_2 15
53 x_1_2 19
53 y_1_2 23
53 t 27
53 t 29
53 y_1_2 30
53 x_1_2 32
53 t 36
53 t 40
53 y_1_2 44
53 t 48
54 cz 3 4
54 cz 7 8
54 cz 11 12
54 cz 15 16
54 cz 23 24
54 cz 27 28
54 cz 31 32
54 cz 35 36
54 cz 43 44
54 cz 47 48
54 t 1
54 x_1_2 2
54 y_1_2 5
54 t 6
54 x_1_2 13
54 x_1_2 14
54 y_1_2 17
54 t 18
54 y_1_2 21
54 y_1_2 22
54 y_1_2 25
54 x_1_2 26
54 t 33
54 t 34
54 t 37
54 t 38
54 t 41
54 y_1_2 42
54 x_1_2 45
54 t 46
55 cz 0 10
55 cz 21 31
55 cz 2 12
55 cz 23 33
55 cz 4 14
55 cz 25 35
55 cz 6 16
55 cz 27 37
55 cz 8 18
55 cz 29 39
55 x_1_2 3
55 y_1_2 7
55 t 11
55 t 15
55 x_1_2 24
55 x_1_2 28
55 y_1_2 32
55 y_1_2 36
55 y_1_2 43
55 x_1_2 44
55 x_1_2 47
55 x_1_2 48
56 cz 20 30
56 cz 1 11
56 cz 22 32
56 cz 3 13
56 cz 24 34
56 cz 5 15
56 cz 26 36
56 cz 7 17
56 cz 28 38
56 cz 9 19
56 y_1_2 0
56 y_1_2 2
56 y_1_2 4
56 y_1_2 6
56 x_1_2 8
56 x_1_2 10
56 t 12
56 t 14
56 y_1_2 16
56 y_1_2 18
56 x_1_2 21
56 t 23
56 x_1_2 25
56 y_1_2 27
56 y_1_2 29
56 y_1_2 31
56 x_1_2 33
56 y_1_2 35
56 x_1_2 37
56 t 39
57 cz 0 1
57 cz 4 5
57 cz 8 9
57 cz 12 13
57 cz 16 17
57 cz 20 21
57 cz 24 25
57 cz 28 29
57 cz 32 33
57 cz 36 37
57 cz 40 41
57 cz 44 45
57 cz 48 49
57 y_1_2 3
57 x_1_2 7
57 y_1_2 11
57 x_1_2 15
57 t 19
57 t 22
57 y_1_2 26
57 t 30
57 y_1_2 34
57 x_1_2 38
58 cz 2 3
58 cz 6 7
58 cz 10 11
58 cz 14 15
58 cz 18 19
58 cz 22 23
58 cz 26 27
58 cz 30 31
58 cz 34 35
58 cz 38 39
58 cz 42 43
58 cz 46 47
58 t 0
58 y_1_2 1
58 t 4
58 x_1_2 5
58 y_1_2 8
58 x_1_2 9
58 y_1_2 12
58 t 13
58 x_1_2 16
58 x_1_2 17
58 t 20
58 t 21
58 y_1_2 24
58 y_1_2 25
58 t 28
58 x_1_2 29
58 t 32
58 y_1_2 33
58 x_1_2 36
58 y_1_2 37
58 y_1_2 40
58 x_1_2 41
58 y_1_2 44
58 t 45
58 t 48
58 y_1_2 49
59 cz 10 20
59 cz 31 41
59 cz 12 22
59 cz 33 43
59 cz 14 24
59 cz 35 45
59 cz 16 26
59 cz 37 47
59 cz 18 28
59 cz 39 49
59 t 2
59 t 3
59 x_1_2 6
59 y_1_2 7
59 t 11
59 t 15
59 x_1_2 19
59 x_1_2 23
59 t 27
59 y_1_2 30
59 t 34
59 t 38
59 t 42
59 x_1_2 46
60 cz 30 40
60 cz 11 21
60 cz 32 42
60 cz 13 23
60 cz 34 44
60 cz 15 25
60 cz 36 46
60 cz 17 27
60 cz 38 48
60 cz 19 29
60 y_1_2 10
60 x_1_2 12
60 y_1_2 14
60 y_1_2 16
60 x_1_2 18
60 x_1_2 20
60 x_1_2 22
60 x_1_2 24
60 t 26
60 x_1_2 28
60 t 31
60 t 33
60 x_1_2 35
60 t 37
60 x_1_2 39
60 y_1_2 41
60 t 43
60 y_1_2 45
60 t 47
60 x_1_2 49
61 cz 1 2
61 cz 5 6
61 cz 13 14
61 cz 17 18
61 cz 21 22
61 cz 25 26
61 cz 33 34
61 cz 37 38
61 cz 41 42
61 cz 45 46
61 y_1_2 11
61 y_1_2 15
61 t 19
61 t 23
61 y_1_2 27
61 t 29
61 t 30
61 y_1_2 32
61 y_1_2 36
61 t 40
61 x_1_2 44
61 y_1_2 48
62 cz 3 4
62 cz 7 8
62 cz 11 12
62 cz 15 16
62 cz 23 24
62 cz 27 28
62 cz 31 32
62 cz 35 36
62 cz 43 44
62 cz 47 48
62 t 1
62 x_1_2 2
62 t 5
62 y_1_2 6
62 x_1_2 13
62 t 14
62 t 17
62 t 18
62 x_1_2 21
62 y_1_2 22
62 t 25
62 x_1_2 26
62 y_1_2 33
62 y_1_2 34
62 y_1_2 37
62 x_1_2 38
62 t 41
62 y_1_2 42
62 t 45
62 y_1_2 46
63 cz 0 10
63 cz 21 31
63 cz 2 12
63 cz 23 33
63 cz 4 14
63 cz 25 35
63 cz 6 16
63 cz 27 37
63 cz 8 18
63 cz 29 39
63 x_1_2 3
63 t 7
63 t 11
63 x_1_2 15
63 y_1_2 24
63 y_1_2 28
63 t 32
63 x_1_2 36
63 x_1_2 43
63 y_1_2 44
63 y_1_2 47
63 t 48
64 cz 20 30
64 cz 1 11
64 cz 22 32
64 cz 3 13
64 cz 24 34
64 cz 5 15
64 cz 26 36
64 cz 7 17
64 cz 28 38
64 cz 9 19
64 y_1_2 0
64 y_1_2 2
64 y_1_2 4
64 t 6
64 x_1_2 8
64 x_1_2 10
64 t 12
64 x_1_2 14
64 t 16
64 x_1_2 18
64 y_1_2 21
64 x_1_2 23
64 y_1_2 25
64 t 27
64 x_1_2 29
64 y_1_2 31
64 x_1_2 33
64 y_1_2 35
64 x_1_2 37
64 y_1_2 39
65 cz 0 1
65 cz 4 5
65 cz 8 9
65 cz 12 13
65 cz 16 17
65 cz 20 21
65 cz 24 25
65 cz 28 29
65 cz 32 33
65 cz 36 37
65 cz 40 41
65 cz 44 45
65 cz 48 49
65 y_1_2 3
65 x_1_2 7
65 y_1_2 11
65 t 15
65 x_1_2 19
65 x_1_2 22
65 t 26
65 y_1_2 30
65 t 34
65 t 38
66 cz 2 3
66 cz 6 7
66 cz 10 11
66 cz 14 15
66 cz 18 19
66 cz 22 23
66 cz 26 27
66 cz 30 31
66 cz 34 35
66 cz 38 39
66 cz 42 43
66 cz 46 47
66 t 0
66 y_1_2 1
66 x_1_2 4
66 y_1_2 5
66 y_1_2 8
66 y_1_2 9
66 x_1_2 12
66 y_1_2 13
66 x_1_2 16
66 x_1_2 17
66 y_1_2 20
66 x_1_2 21
66 t 24
66 x_1_2 25
66 t 28
66 y_1_2 29
66 x_1_2 32
66 t 33
66 y_1_2 36
66 y_1_2 37
66 y_1_2 40
66 y_1_2 41
66 t 44
66 y_1_2 45
66 x_1_2 48
66 t 49
67 cz 10 20
67 cz 31 41
67 cz 12 22
67 cz 33 43
67 cz 14 24
67 cz 35 45
67 cz 16 26
67 cz 37 47
67 cz 18 28
67 cz 39 49
67 x_1_2 2
67 x_1_2 3
67 x_1_2 6
67 y_1_2 7
67 t 11
67 y_1_2 15
67 t 19
67 t 23
67 y_1_2 27
67 x_1_2 30
67 x_1_2 34
67 y_1_2 38
67 x_1_2 42
67 t 46
68 cz 30 40
68 cz 11 21
68 cz 32 42
68 cz 13 23
68 cz 34 44
68 cz 15 25
68 cz 36 46
68 cz 17 27
68 cz 38 48
68 cz 19 29
68 t 10
68 y_1_2 12
68 t 14
68 t 16
68 y_1_2 18
68 x_1_2 20
68 y_1_2 22
68 x_1_2 24
68 x_1_2 26
68 x_1_2 28
68 x_1_2 31
68 x_1_2 33
68 t 35
68 t 37
68 t 39
68 t 41
68 y_1_2 43
68 x_1_2 45
68 x_1_2 47
68 y_1_2 49
69 cz 1 2
69 cz 5 6
69 cz 13 14
69 cz 17 18
69 cz 21 22
69 cz 25 26
69 cz 33 34
69 cz 37 38
69 cz 41 42
69 cz 45 46
69 y_1_2 11
69 x_1_2 15
69 y_1_2 19
69 x_1_2 23
69 x_1_2 27
69 t 29
69 y_1_2 30
69 t 32
69 t 36
69 x_1_2 40
69 x_1_2 44
69 t 48
70 cz 3 4
70 cz 7 8
70 cz 11 12
70 cz 15 16
70 cz 23 24
70 cz 27 28
70 cz 31 32
70 cz 35 36
70 cz 43 44
70 cz 47 48
70 x_1_2 1
70 y_1_2 2
70 t 5
70 t 6
70 t 13
70 x_1_2 14
70 y_1_2 17
70 t 18
70 t 21
70 t 22
70 y_1_2 25
70 t 26
70 y_1_2 33
70 y_1_2 34
70 x_1_2 37
70 t 38
70 y_1_2 41
70 y_1_2 42
70 t 45
70 x_1_2 46
71 cz 0 10
71 cz 21 31
71 cz 2 12
71 cz 23 33
71 cz 4 14
71 cz 25 35
71 cz 6 16
71 cz 27 37
71 cz 8 18
71 cz 29 39
71 y_1_2 3
71 x_1_2 7
71 t 11
71 t 15
71 t 24
71 t 28
71 y_1_2 32
71 y_1_2 36
71 t 43
71 t 44
71 y_1_2 47
71 y_1_2 48
72 cz 20 30
72 cz 1 11
72 cz 22 32
72 cz 3 13
72 cz 24 34
72 cz 5 15
72 cz 26 36
72 cz 7 17
72 cz 28 38
72 cz 9 19
72 x_1_2 0
72 t 2
72 t 4
72 y_1_2 6
72 t 8
72 y_1_2 10
72 x_1_2 12
72 y_1_2 14
72 x_1_2 16
72 x_1_2 18
72 x_1_2 21
72 y_1_2 23
72 x_1_2 25
72 t 27
72 y_1_2 29
72 y_1_2 31
72 x_1_2 33
72 x_1_2 35
72 t 37
72 y_1_2 39
73 cz 0 1
73 cz 4 5
73 cz 8 9
73 cz 12 13
73 cz 16 17
73 cz 20 21
73 cz 24 25
73 cz 28 29
73 cz 32 33
73 cz 36 37
73 cz 40 41
73 cz 44 45
73 cz 48 49
73 t 3
73 y_1_2 7
73 y_1_2 11
73 x_1_2 15
73 x_1_2 19
73 y_1_2 22
73 y_1_2 26
73 x_1_2 30
73 t 34
73 x_1_2 38
74 cz 2 3
74 cz 6 7
74 cz 10 11
74 cz 14 15
74 cz 18 19
74 cz 22 23
74 cz 26 27
74 cz 30 31
74 cz 34 35
74 cz 38 39
74 cz 42 43
74 cz 46 47
74 t 0
74 t 1
74 x_1_2 4
74 y_1_2 5
74 x_1_2 8
74 x_1_2 9
74 y_1_2 12
74 x_1_2 13
74 y_1_2 16
74 t 17
74 t 20
74 t 21
74 x_1_2 24
74 t 25
74 x_1_2 28
74 x_1_2 29
74 x_1_2 32
74 t 33
74 t 36
74 x_1_2 37
74 t 40
74 t 41
74 x_1_2 44
74 y_1_2 45
74 t 48
74 t 49
75 cz 10 20
75 cz 31 41
75 cz 12 22
75 cz 33 43
75 cz 14 24
75 cz 35 45
75 cz 16 26
75 cz 37 47
75 cz 18 28
75 cz 39 49
75 x_1_2 2
75 x_1_2 3
75 x_1_2 6
75 t 7
75 x_1_2 11
75 t 15
75 y_1_2 19
75 x_1_2 23
75 x_1_2 27
75 y_1_2 30
75 x_1_2 34
75 y_1_2 38
75 x_1_2 42
75 y_1_2 46
76 cz 30 40
76 cz 11 21
76 cz 32 42
76 cz 13 23
76 cz 34 44
76 cz 15 25
76 cz 36 46
76 cz 17 27
76 cz 38 48
76 cz 19 29
76 t 10
76 t 12
76 x_1_2 14
76 x_1_2 16
76 t 18
76 y_1_2 20
76 t 22
76 y_1_2 24
76 x_1_2 26
76 t 28
76 x_1_2 31
76 y_1_2 33
76 t 35
76 y_1_2 37
76 t 39
76 x_1_2 41
76 y_1_2 43
76 t 45
76 x_1_2 47
76 y_1_2 49
77 cz 1 2
77 cz 5 6
77 cz 13 14
77 cz 17 18
77 cz 21 22
77 cz 25 26
77 cz 33 34
77 cz 37 38
77 cz 41 42
77 cz 45 46
77 t 11
77 y_1_2 15
77 x_1_2 19
77 t 23
77 y_1_2 27
77 y_1_2 29
77 t 30
77 t 32
77 y_1_2 36
77 y_1_2 40
77 t 44
77 x_1_2 48
78 cz 3 4
78 cz 7 8
78 cz 11 12
78 cz 15 16
78 cz 23 24
78 cz 27 28
78 cz 31 32
78 cz 35 36
78 cz 43 44
78 cz 47 48
78 y_1_2 1
78 y_1_2 2
78 t 5
78 y_1_2 6
78 y_1_2 13
78 y_1_2 14
78 y_1_2 17
78 y_1_2 18
78 y_1_2 21
78 x_1_2 22
78 x_1_2 25
78 y_1_2 26
78 x_1_2 33
78 t 34
78 t 37
78 x_1_2 38
78 t 41
78 y_1_2 42
78 y_1_2 45
78 t 46
79 cz 0 10
79 cz 21 31
79 cz 2 12
79 cz 23 33
79 cz 4 14
79 cz 25 35
79 cz 6 16
79 cz 27 37
79 cz 8 18
79 cz 29 39
79 t 3
79 y_1_2 7
79 x_1_2 11
79 x_1_2 15
79 t 24
79 x_1_2 28
79 x_1_2 32
79 t 36
79 x_1_2 43
79 x_1_2 44
79 t 47
79 t 48
80 cz 20 30
80 cz 1 11
80 cz 22 32
80 cz 3 13
80 cz 24 34
80 cz 5 15
80 cz 26 36
80 cz 7 17
80 cz 28 38
80 cz 9 19
80 x_1_2 0
80 x_1_2 2
80 t 4
80 t 6
80 y_1_2 8
80 y_1_2 10
80 y_1_2 12
80 x_1_2 14
80 t 16
80 t 18
80 t 21
80 x_1_2 23
80 y_1_2 25
80 t 27
80 x_1_2 29
80 t 31
80 t 33
80 x_1_2 35
80 y_1_2 37
80 x_1_2 39
81 cz 0 1
81 cz 4 5
81 cz 8 9
81 cz 12 13
81 cz 16 17
81 cz 20 21
81 cz 24 25
81 cz 28 29
81 cz 32 33
81 cz 36 37
81 cz 40 41
81 cz 44 45
81 cz 48 49
81 y_1_2 3
81 x_1_2 7
81 t 11
81 t 15
81 y_1_2 19
81 y_1_2 22
81 x_1_2 26
81 y_1_2 30
81 x_1_2 34
81 y_1_2 38
82 cz 2 3
82 cz 6 7
82 cz 10 11
82 cz 14 15
82 cz 18 19
82 cz 22 23
82 cz 26 27
82 cz 30 31
82 cz 34 35
82 cz 38 39
82 cz 42 43
82 cz 46 47
82 y_1_2 0
82 t 1
82 x_1_2 4
82 y_1_2 5
82 t 8
82 y_1_2 9
82 t 12
82 x_1_2 13
82 x_1_2 16
82 x_1_2 17
82 t 20
82 y_1_2 21
82 y_1_2 24
82 x_1_2 25
82 y_1_2 28
82 t 29
82 y_1_2 32
82 x_1_2 33
82 y_1_2 36
82 x_1_2 37
82 t 40
82 x_1_2 41
82 t 44
82 x_1_2 45
82 x_1_2 48
82 x_1_2 49
83 cz 10 20
83 cz 31 41
83 cz 12 22
83 cz 33 43
83 cz 14 24
83 cz 35 45
83 cz 16 26
83 cz 37 47
83 cz 18 28
83 cz 39 49
83 y_1_2 2
83 x_1_2 3
83 y_1_2 6
83 y_1_2 7
83 x_1_2 11
83 x_1_2 15
83 x_1_2 19
83 y_1_2 23
83 y_1_2 27
83 t 30
83 t 34
83 x_1_2 38
83 x_1_2 42
83 x_1_2 46
84 cz 30 40
84 cz 11 21
84 cz 32 42
84 cz 13 23
84 cz 34 44
84 cz 15 25
84 cz 36 46
84 cz 17 27
84 cz 38 48
84 cz 19 29
84 x_1_2 10
84 x_1_2 12
84 y_1_2 14
84 y_1_2 16
84 y_1_2 18
84 x_1_2 20
84 t 22
84 x_1_2 24
84 y_1_2 26
84 t 28
84 x_1_2 31
84 t 33
84 y_1_2 35
84 t 37
84 t 39
84 y_1_2 41
84 y_1_2 43
84 t 45
84 y_1_2 47
84 t 49
85 cz 1 2
85 cz 5 6
85 cz 13 14
85 cz 17 18
85 cz 21 22
85 cz 25 26
85 cz 33 34
85 cz 37 38
85 cz 41 42
85 cz 45 46
85 t 11
85 y_1_2 15
85 t 19
85 t 23
85 x_1_2 27
85 x_1_2 29
85 y_1_2 30
85 t 32
85 x_1_2 36
85 x_1_2 40
85 y_1_2 44
85 t 48
86 cz 3 4
86 cz 7 8
86 cz 11 12
86 cz 15 16
86 cz 23 24
86 cz 27 28
86 cz 31 32
86 cz 35 36
86 cz 43 44
86 cz 47 48
86 y_1_2 1
86 t 2
86 t 5
86 t 6
86 y_1_2 13
86 t 14
86 t 17
86 t 18
86 t 21
86 x_1_2 22
86 y_1_2 25
86 x_1_2 26
86 y_1_2 33
86 x_1_2 34
86 x_1_2 37
86 t 38
86 t 41
86 t 42
86 y_1_2 45
86 t 46
87 cz 0 10
87 cz 21 31
87 cz 2 12
87 cz 23 33
87 cz 4 14
87 cz 25 35
87 cz 6 16
87 cz 27 37
87 cz 8 18
87 cz 29 39
87 y_1_2 3
87 x_1_2 7
87 y_1_2 11
87 x_1_2 15
87 y_1_2 24
87 x_1_2 28
87 x_1_2 32
87 t 36
87 x_1_2 43
87 x_1_2 44
87 t 47
87 y_1_2 48
88 cz 20 30
88 cz 1 11
88 cz 22 32
88 cz 3 13
88 cz 24 34
88 cz 5 15
88 cz 26 36
88 cz 7 17
88 cz 28 38
88 cz 9 19
88 x_1_2 0
88 y_1_2 2
88 t 4
88 x_1_2 6
88 y_1_2 8
88 t 10
88 t 12
88 y_1_2 14
88 t 16
88 x_1_2 18
88 x_1_2 21
88 x_1_2 23
88 x_1_2 25
88 t 27
88 t 29
88 t 31
88 t 33
88 x_1_2 35
88 y_1_2 37
88 y_1_2 39
89 cz 0 1
89 cz 4 5
89 cz 8 9
89 cz 12 13
89 cz 16 17
89 cz 20 21
89 cz 24 25
89 cz 28 29
89 cz 32 33
89 cz 36 37
89 cz 40 41
89 cz 44 45
89 cz 48 49
89 t 3
89 y_1_2 7
89 t 11
89 t 15
89 x_1_2 19
89 t 22
89 t 26
89 x_1_2 30
89 t 34
89 y_1_2 38
90 cz 2 3
90 cz 6 7
90 cz 10 11
90 cz 14 15
90 cz 18 19
90 cz 22 23
90 cz 26 27
90 cz 30 31
90 cz 34 35
90 cz 38 39
90 cz 42 43
90 cz 46 47
90 t 0
90 x_1_2 1
90 x_1_2 4
90 x_1_2 5
90 x_1_2 8
90 x_1_2 9
90 y_1_2 12
90 x_1_2 13
90 y_1_2 16
90 x_1_2 17
90 y_1_2 20
90 y_1_2 21
90 x_1_2 24
90 t 25
90 t 28
90 y_1_2 29
90 y_1_2 32
90 x_1_2 33
90 y_1_2 36
90 x_1_2 37
90 t 40
90 x_1_2 41
90 y_1_2 44
90 t 45
90 t 48
90 y_1_2 49
91 cz 10 20
91 cz 31 41
91 cz 12 22
91 cz 33 43
91 cz 14 24
91 cz 35 45
91 cz 16 26
91 cz 37 47
91 cz 18 28
91 cz 39 49
91 t 2
91 x_1_2 3
91 t 6
91 t 7
91 y_1_2 11
91 y_1_2 15
91 y_1_2 19
91 t 23
91 x_1_2 27
91 t 30
91 x_1_2 34
91 t 38
91 y_1_2 42
91 y_1_2 46
92 cz 30 40
92 cz 11 21
92 cz 32 42
92 cz 13 23
92 cz 34 44
92 cz 15 25
92 cz 36 46
92 cz 17 27
92 cz 38 48
92 cz 19 29
92 x_1_2 10
92 t 12
92 t 14
92 t 16
92 y_1_2 18
92 t 20
92 y_1_2 22
92 y_1_2 24
92 x_1_2 26
92 x_1_2 28
92 x_1_2 31
92 y_1_2 33
92 y_1_2 35
92 t 37
92 x_1_2 39
92 t 41
92 t 43
92 x_1_2 45
92 x_1_2 47
92 x_1_2 49
93 cz 1 2
93 cz 5 6
93 cz 13 14
93 cz 17 18
93 cz 21 22
93 cz 25 26
93 cz 33 34
93 cz 37 38
93 cz 41 42
93 cz 45 46
93 x_1_2 11
93 x_1_2 15
93 t 19
93 y_1_2 23
93 t 27
93 t 29
93 y_1_2 30
93 t 32
93 t 36
93 x_1_2 40
93 x_1_2 44
93 y_1_2 48
94 cz 3 4
94 cz 7 8
94 cz 11 12
94 cz 15 16
94 cz 23 24
94 cz 27 28
94 cz 31 32
94 cz 35 36
94 cz 43 44
94 cz 47 48
94 y_1_2 1
94 x_1_2 2
94 y_1_2 5
94 y_1_2 6
94 y_1_2 13
94 y_1_2 14
94 t 17
94 x_1_2 18
94 x_1_2 21
94 t 22
94 y_1_2 25
94 y_1_2 26
94 t 33
94 y_1_2 34
94 y_1_2 37
94 x_1_2 38
94 x_1_2 41
94 t 42
94 y_1_2 45
94 t 46
95 cz 0 10
95 cz 21 31
95 cz 2 12
95 cz 23 33
95 cz 4 14
95 cz 25 35
95 cz 6 16
95 cz 27 37
95 cz 8 18
95 cz 29 39
95 t 3
95 x_1_2 7
95 y_1_2 11
95 t 15
95 t 24
95 y_1_2 28
95 x_1_2 32
95 x_1_2 36
95 y_1_2 43
95 t 44
95 t 47
95 x_1_2 48
96 cz 20 30
96 cz 1 11
96 cz 22 32
96 cz 3 13
96 cz 24 34
96 cz 5 15
96 cz 26 36
96 cz 7 17
96 cz 28 38
96 cz 9 19
96 x_1_2 0
96 t 2
96 y_1_2 4
96 t 6
96 y_1_2 8
96 t 10
96 x_1_2 12
96 t 14
96 y_1_2 16
96 y_1_2 18
96 t 21
96 x_1_2 23
96 t 25
96 y_1_2 27
96 y_1_2 29
96 y_1_2 31
96 y_1_2 33
96 t 35
96 t 37
96 t 39
97 cz 0 1
97 cz 4 5
97 cz 8 9
97 cz 12 13
97 cz 16 17
97 cz 20 21
97 cz 24 25
97 cz 28 29
97 cz 32 33
97 cz 36 37
97 cz 40 41
97 cz 44 45
97 cz 48 49
97 x_1_2 3
97 y_1_2 7
97 x_1_2 11
97 y_1_2 15
97 y_1_2 19
97 x_1_2 22
97 t 26
97 t 30
97 x_1_2 34
97 t 38
98 cz 2 3
98 cz 6 7
98 cz 10 11
98 cz 14 15
98 cz 18 19
98 cz 22 23
98 cz 26 27
98 cz 30 31
98 cz 34 35
98 cz 38 39
98 cz 42 43
98 cz 46 47
98 t 0
98 x_1_2 1
98 t 4
98 x_1_2 5
98 t 8
98 y_1_2 9
98 t 12
98 x_1_2 13
98 t 16
98 x_1_2 17
98 y_1_2 20
98 y_1_2 21
98 x_1_2 24
98 x_1_2 25
98 x_1_2 28
98 t 29
98 y_1_2 32
98 t 33
98 t 36
98 x_1_2 37
98 t 40
98 t 41
98 y_1_2 44
98 t 45
98 t 48
98 t 49
99 cz 10 20
99 cz 31 41
99 cz 12 22
99 cz 33 43
99 cz 14 24
99 cz 35 45
99 cz 16 26
99 cz 37 47
99 cz 18 28
99 cz 39 49
99 x_1_2 2
99 y_1_2 3
99 x_1_2 6
99 x_1_2 7
99 t 11
99 t 15
99 t 19
99 y_1_2 23
99 t 27
99 x_1_2 30
99 y_1_2 34
99 y_1_2 38
99 x_1_2 42
99 x_1_2 46
100 cz 30 40
100 cz 11 21
100 cz 32 42
100 cz 13 23
100 cz 34 44
100 cz 15 25
100 cz 36 46
100 cz 17 27
100 cz 38 48
100 cz 19 29
100 x_1_2 10
100 x_1_2 12
100 y_1_2 14
100 x_1_2 16
100 t 18
100 t 20
100 t 22
100 y_1_2 24
100 x_1_2 26
100 y_1_2 28
100 t 31
100 y_1_2 33
100 x_1_2 35
100 y_1_2 37
100 x_1_2 39
100 x_1_2 41
100 x_1_2 43
100 y_1_2 45
100 y_1_2 47
100 y_1_2 49
