40
0 h 0
0 h 1
0 h 2
0 h 3
0 h 4
0 h 5
0 h 6
0 h 7
0 h 8
0 h 9
0 h 10
0 h 11
0 h 12
0 h 13
0 h 14
0 h 15
0 h 16
0 h 17
0 h 18
0 h 19
0 h 20
0 h 21
0 h 22
0 h 23
0 h 24
0 h 25
0 h 26
0 h 27
0 h 28
0 h 29
0 h 30
0 h 31
0 h 32
0 h 33
0 h 34
0 h 35
0 h 36
0 h 37
0 h 38
0 h 39
1 cz 0 1
1 cz 4 5
1 cz 10 11
1 cz 14 15
1 cz 16 17
1 cz 20 21
1 cz 26 27
1 cz 30 31
1 cz 32 33
1 cz 36 37
2 cz 2 3
2 cz 6 7
2 cz 8 9
2 cz 12 13
2 cz 18 19
2 cz 22 23
2 cz 24 25
2 cz 28 29
2 cz 34 35
2 cz 38 39
2 t 0
2 t 1
2 t 4
2 t 5
2 t 10
2 t 11
2 t 14
2 t 15
2 t 16
2 t 17
2 t 20
2 t 21
2 t 26
2 t 27
2 t 30
2 t 31
2 t 32
2 t 33
2 t 36
2 t 37
3 cz 8 16
3 cz 10 18
3 cz 12 20
3 cz 14 22
3 cz 25 33
3 cz 27 35
3 cz 29 37
3 cz 31 39
3 t 2
3 t 3
3 t 6
3 t 7
3 t 9
3 t 13
3 t 19
3 t 23
3 t 24
3 t 28
3 t 34
3 t 38
4 cz 9 17
4 cz 11 19
4 cz 13 21
4 cz 15 23
4 cz 24 32
4 cz 26 34
4 cz 28 36
4 cz 30 38
4 t 8
4 y_1_2 10
4 t 12
4 x_1_2 14
4 y_1_2 16
4 t 18
4 y_1_2 20
4 t 22
4 t 25
4 y_1_2 27
4 t 29
4 x_1_2 31
4 x_1_2 33
4 t 35
4 y_1_2 37
4 t 39
5 cz 1 2
5 cz 5 6
5 cz 11 12
5 cz 17 18
5 cz 21 22
5 cz 27 28
5 cz 33 34
5 cz 37 38
5 x_1_2 9
5 y_1_2 13
5 x_1_2 15
5 y_1_2 19
5 y_1_2 23
5 x_1_2 24
5 y_1_2 26
5 y_1_2 30
5 x_1_2 32
5 y_1_2 36
6 cz 3 4
6 cz 9 10
6 cz 13 14
6 cz 19 20
6 cz 25 26
6 cz 29 30
6 cz 35 36
6 x_1_2 1
6 y_1_2 2
6 y_1_2 5
6 y_1_2 6
6 y_1_2 11
6 y_1_2 12
6 x_1_2 17
6 y_1_2 18
6 x_1_2 21
6 x_1_2 22
6 x_1_2 27
6 y_1_2 28
6 y_1_2 33
6 y_1_2 34
6 t 37
6 x_1_2 38
7 cz 0 8
7 cz 2 10
7 cz 4 12
7 cz 6 14
7 cz 17 25
7 cz 19 27
7 cz 21 29
7 cz 23 31
7 y_1_2 3
7 t 9
7 t 13
7 t 20
7 x_1_2 26
7 t 30
7 x_1_2 35
7 x_1_2 36
8 cz 1 9
8 cz 3 11
8 cz 5 13
8 cz 7 15
8 cz 16 24
8 cz 18 26
8 cz 20 28
8 cz 22 30
8 x_1_2 0
8 t 2
8 y_1_2 4
8 t 6
8 x_1_2 8
8 t 10
8 t 12
8 t 14
8 y_1_2 17
8 t 19
8 t 21
8 t 23
8 x_1_2 25
8 t 27
8 x_1_2 29
8 t 31
9 cz 0 1
9 cz 4 5
9 cz 10 11
9 cz 14 15
9 cz 16 17
9 cz 20 21
9 cz 26 27
9 cz 30 31
9 cz 32 33
9 cz 36 37
9 t 3
9 x_1_2 7
9 x_1_2 9
9 x_1_2 13
9 t 18
9 t 22
9 y_1_2 24
9 x_1_2 28
10 cz 2 3
10 cz 6 7
10 cz 8 9
10 cz 12 13
10 cz 18 19
10 cz 22 23
10 cz 24 25
10 cz 28 29
10 cz 34 35
10 cz 38 39
10 t 0
10 t 1
10 x_1_2 4
10 x_1_2 5
10 y_1_2 10
10 t 11
10 x_1_2 14
10 t 15
10 x_1_2 16
10 t 17
10 x_1_2 20
10 x_1_2 21
10 t 26
10 x_1_2 27
10 y_1_2 30
10 y_1_2 31
10 y_1_2 32
10 x_1_2 33
10 y_1_2 36
10 x_1_2 37
11 cz 8 16
11 cz 10 18
11 cz 12 20
11 cz 14 22
11 cz 25 33
11 cz 27 35
11 cz 29 37
11 cz 31 39
11 x_1_2 2
11 y_1_2 3
11 x_1_2 6
11 y_1_2 7
11 t 9
11 y_1_2 13
11 y_1_2 19
11 x_1_2 23
11 t 24
11 y_1_2 28
11 t 34
11 y_1_2 38
12 cz 9 17
12 cz 11 19
12 cz 13 21
12 cz 15 23
12 cz 24 32
12 cz 26 34
12 cz 28 36
12 cz 30 38
12 t 8
12 x_1_2 10
12 x_1_2 12
12 y_1_2 14
12 t 16
12 y_1_2 18
12 y_1_2 20
12 y_1_2 22
12 y_1_2 25
12 y_1_2 27
12 y_1_2 29
12 x_1_2 31
12 t 33
12 t 35
12 y_1_2 37
12 y_1_2 39
13 cz 1 2
13 cz 5 6
13 cz 11 12
13 cz 17 18
13 cz 21 22
13 cz 27 28
13 cz 33 34
13 cz 37 38
13 y_1_2 9
13 x_1_2 13
13 x_1_2 15
13 x_1_2 19
13 t 23
13 x_1_2 24
13 x_1_2 26
13 x_1_2 30
13 t 32
13 x_1_2 36
14 cz 3 4
14 cz 9 10
14 cz 13 14
14 cz 19 20
14 cz 25 26
14 cz 29 30
14 cz 35 36
14 y_1_2 1
14 y_1_2 2
14 t 5
14 t 6
14 y_1_2 11
14 t 12
14 x_1_2 17
14 x_1_2 18
14 y_1_2 21
14 t 22
14 t 27
14 x_1_2 28
14 y_1_2 33
14 y_1_2 34
14 t 37
14 x_1_2 38
15 cz 0 8
15 cz 2 10
15 cz 4 12
15 cz 6 14
15 cz 17 25
15 cz 19 27
15 cz 21 29
15 cz 23 31
15 x_1_2 3
15 x_1_2 9
15 t 13
15 t 20
15 y_1_2 26
15 t 30
15 y_1_2 35
15 y_1_2 36
16 cz 1 9
16 cz 3 11
16 cz 5 13
16 cz 7 15
16 cz 16 24
16 cz 18 26
16 cz 20 28
16 cz 22 30
16 y_1_2 0
16 x_1_2 2
16 t 4
16 x_1_2 6
16 y_1_2 8
16 y_1_2 10
16 y_1_2 12
16 t 14
16 y_1_2 17
16 y_1_2 19
16 x_1_2 21
16 y_1_2 23
16 t 25
16 x_1_2 27
16 x_1_2 29
16 t 31
17 cz 0 1
17 cz 4 5
17 cz 10 11
17 cz 14 15
17 cz 16 17
17 cz 20 21
17 cz 26 27
17 cz 30 31
17 cz 32 33
17 cz 36 37
17 t 3
17 x_1_2 7
17 y_1_2 9
17 x_1_2 13
17 t 18
17 y_1_2 22
17 t 24
17 t 28
18 cz 2 3
18 cz 6 7
18 cz 8 9
18 cz 12 13
18 cz 18 19
18 cz 22 23
18 cz 24 25
18 cz 28 29
18 cz 34 35
18 cz 38 39
18 t 0
18 x_1_2 1
18 x_1_2 4
18 x_1_2 5
18 x_1_2 10
18 x_1_2 11
18 x_1_2 14
18 t 15
18 x_1_2 16
18 t 17
18 x_1_2 20
18 y_1_2 21
18 t 26
18 t 27
18 x_1_2 30
18 y_1_2 31
18 y_1_2 32
18 x_1_2 33
18 x_1_2 36
18 x_1_2 37
19 cz 8 16
19 cz 10 18
19 cz 12 20
19 cz 14 22
19 cz 25 33
19 cz 27 35
19 cz 29 37
19 cz 31 39
19 t 2
19 x_1_2 3
19 y_1_2 6
19 y_1_2 7
19 t 9
19 y_1_2 13
19 t 19
19 t 23
19 y_1_2 24
19 x_1_2 28
19 t 34
19 y_1_2 38
20 cz 9 17
20 cz 11 19
20 cz 13 21
20 cz 15 23
20 cz 24 32
20 cz 26 34
20 cz 28 36
20 cz 30 38
20 x_1_2 8
20 y_1_2 10
20 t 12
20 y_1_2 14
20 t 16
20 x_1_2 18
20 t 20
20 t 22
20 x_1_2 25
20 y_1_2 27
20 t 29
20 x_1_2 31
20 y_1_2 33
20 x_1_2 35
20 y_1_2 37
20 x_1_2 39
21 cz 1 2
21 cz 5 6
21 cz 11 12
21 cz 17 18
21 cz 21 22
21 cz 27 28
21 cz 33 34
21 cz 37 38
21 y_1_2 9
21 x_1_2 13
21 x_1_2 15
21 y_1_2 19
21 x_1_2 23
21 t 24
21 y_1_2 26
21 y_1_2 30
21 x_1_2 32
21 y_1_2 36
22 cz 3 4
22 cz 9 10
22 cz 13 14
22 cz 19 20
22 cz 25 26
22 cz 29 30
22 cz 35 36
22 t 1
22 x_1_2 2
22 t 5
22 x_1_2 6
22 t 11
22 x_1_2 12
22 y_1_2 17
22 y_1_2 18
22 t 21
22 x_1_2 22
22 x_1_2 27
22 y_1_2 28
22 x_1_2 33
22 y_1_2 34
22 x_1_2 37
22 x_1_2 38
23 cz 0 8
23 cz 2 10
23 cz 4 12
23 cz 6 14
23 cz 17 25
23 cz 19 27
23 cz 21 29
23 cz 23 31
23 y_1_2 3
23 x_1_2 9
23 y_1_2 13
23 y_1_2 20
23 t 26
23 t 30
23 t 35
23 t 36
24 cz 1 9
24 cz 3 11
24 cz 5 13
24 cz 7 15
24 cz 16 24
24 cz 18 26
24 cz 20 28
24 cz 22 30
24 y_1_2 0
24 y_1_2 2
24 y_1_2 4
24 y_1_2 6
24 y_1_2 8
24 x_1_2 10
24 t 12
24 t 14
24 x_1_2 17
24 x_1_2 19
24 y_1_2 21
24 y_1_2 23
24 t 25
24 y_1_2 27
24 y_1_2 29
24 t 31
25 cz 0 1
25 cz 4 5
25 cz 10 11
25 cz 14 15
25 cz 16 17
25 cz 20 21
25 cz 26 27
25 cz 30 31
25 cz 32 33
25 cz 36 37
25 t 3
25 x_1_2 7
25 y_1_2 9
25 t 13
25 x_1_2 18
25 y_1_2 22
25 x_1_2 24
25 t 28
26 cz 2 3
26 cz 6 7
26 cz 8 9
26 cz 12 13
26 cz 18 19
26 cz 22 23
26 cz 24 25
26 cz 28 29
26 cz 34 35
26 cz 38 39
26 x_1_2 0
26 x_1_2 1
26 t 4
26 x_1_2 5
26 y_1_2 10
26 x_1_2 11
26 y_1_2 14
26 y_1_2 15
26 y_1_2 16
26 t 17
26 t 20
26 t 21
26 y_1_2 26
26 x_1_2 27
26 x_1_2 30
26 y_1_2 31
26 y_1_2 32
26 t 33
26 x_1_2 36
26 t 37
27 cz 8 16
27 cz 10 18
27 cz 12 20
27 cz 14 22
27 cz 25 33
27 cz 27 35
27 cz 29 37
27 cz 31 39
27 t 2
27 x_1_2 3
27 x_1_2 6
27 t 7
27 t 9
27 y_1_2 13
27 t 19
27 x_1_2 23
27 y_1_2 24
27 x_1_2 28
27 x_1_2 34
27 y_1_2 38
28 cz 9 17
28 cz 11 19
28 cz 13 21
28 cz 15 23
28 cz 24 32
28 cz 26 34
28 cz 28 36
28 cz 30 38
28 t 8
28 x_1_2 10
28 x_1_2 12
28 t 14
28 t 16
28 t 18
28 x_1_2 20
28 t 22
28 x_1_2 25
28 y_1_2 27
28 x_1_2 29
28 x_1_2 31
28 x_1_2 33
28 x_1_2 35
28 y_1_2 37
28 t 39
29 cz 1 2
29 cz 5 6
29 cz 11 12
29 cz 17 18
29 cz 21 22
29 cz 27 28
29 cz 33 34
29 cz 37 38
29 y_1_2 9
29 t 13
29 t 15
29 x_1_2 19
29 y_1_2 23
29 x_1_2 24
29 x_1_2 26
29 t 30
29 t 32
29 t 36
30 cz 3 4
30 cz 9 10
30 cz 13 14
30 cz 19 20
30 cz 25 26
30 cz 29 30
30 cz 35 36
30 y_1_2 1
30 y_1_2 2
30 y_1_2 5
30 y_1_2 6
30 t 11
30 t 12
30 x_1_2 17
30 x_1_2 18
30 y_1_2 21
30 x_1_2 22
30 t 27
30 y_1_2 28
30 t 33
30 y_1_2 34
30 x_1_2 37
30 t 38
31 cz 0 8
31 cz 2 10
31 cz 4 12
31 cz 6 14
31 cz 17 25
31 cz 19 27
31 cz 21 29
31 cz 23 31
31 t 3
31 t 9
31 y_1_2 13
31 y_1_2 20
31 t 26
31 y_1_2 30
31 y_1_2 35
31 x_1_2 36
32 cz 1 9
32 cz 3 11
32 cz 5 13
32 cz 7 15
32 cz 16 24
32 cz 18 26
32 cz 20 28
32 cz 22 30
32 t 0
32 t 2
32 y_1_2 4
32 t 6
32 x_1_2 8
32 y_1_2 10
32 x_1_2 12
32 y_1_2 14
32 y_1_2 17
32 y_1_2 19
32 x_1_2 21
32 x_1_2 23
32 t 25
32 x_1_2 27
32 t 29
32 t 31
33 cz 0 1
33 cz 4 5
33 cz 10 11
33 cz 14 15
33 cz 16 17
33 cz 20 21
33 cz 26 27
33 cz 30 31
33 cz 32 33
33 cz 36 37
33 y_1_2 3
33 x_1_2 7
33 y_1_2 9
33 t 13
33 t 18
33 y_1_2 22
33 y_1_2 24
33 t 28
34 cz 2 3
34 cz 6 7
34 cz 8 9
34 cz 12 13
34 cz 18 19
34 cz 22 23
34 cz 24 25
34 cz 28 29
34 cz 34 35
34 cz 38 39
34 y_1_2 0
34 x_1_2 1
34 x_1_2 4
34 x_1_2 5
34 x_1_2 10
34 y_1_2 11
34 x_1_2 14
34 x_1_2 15
34 x_1_2 16
34 t 17
34 x_1_2 20
34 t 21
34 x_1_2 26
34 y_1_2 27
34 x_1_2 30
34 x_1_2 31
34 x_1_2 32
34 y_1_2 33
34 t 36
34 y_1_2 37
35 cz 8 16
35 cz 10 18
35 cz 12 20
35 cz 14 22
35 cz 25 33
35 cz 27 35
35 cz 29 37
35 cz 31 39
35 y_1_2 2
35 t 3
35 x_1_2 6
35 t 7
35 x_1_2 9
35 x_1_2 13
35 t 19
35 t 23
35 t 24
35 y_1_2 28
35 t 34
35 x_1_2 38
36 cz 9 17
36 cz 11 19
36 cz 13 21
36 cz 15 23
36 cz 24 32
36 cz 26 34
36 cz 28 36
36 cz 30 38
36 t 8
36 t 10
36 t 12
36 t 14
36 y_1_2 16
36 y_1_2 18
36 t 20
36 x_1_2 22
36 x_1_2 25
36 t 27
36 x_1_2 29
36 t 31
36 x_1_2 33
36 t 35
36 t 37
36 y_1_2 39
37 cz 1 2
37 cz 5 6
37 cz 11 12
37 cz 17 18
37 cz 21 22
37 cz 27 28
37 cz 33 34
37 cz 37 38
37 t 9
37 y_1_2 13
37 t 15
37 y_1_2 19
37 x_1_2 23
37 x_1_2 24
37 t 26
37 t 30
37 t 32
37 y_1_2 36
38 cz 3 4
38 cz 9 10
38 cz 13 14
38 cz 19 20
38 cz 25 26
38 cz 29 30
38 cz 35 36
38 t 1
38 x_1_2 2
38 t 5
38 y_1_2 6
38 x_1_2 11
38 x_1_2 12
38 x_1_2 17
38 x_1_2 18
38 y_1_2 21
38 y_1_2 22
38 x_1_2 27
38 t 28
38 t 33
38 x_1_2 34
38 x_1_2 37
38 t 38
39 cz 0 8
39 cz 2 10
39 cz 4 12
39 cz 6 14
39 cz 17 25
39 cz 19 27
39 cz 21 29
39 cz 23 31
39 y_1_2 3
39 y_1_2 9
39 x_1_2 13
39 y_1_2 20
39 y_1_2 26
39 x_1_2 30
39 x_1_2 35
39 x_1_2 36
40 cz 1 9
40 cz 3 11
40 cz 5 13
40 cz 7 15
40 cz 16 24
40 cz 18 26
40 cz 20 28
40 cz 22 30
40 x_1_2 0
40 t 2
40 t 4
40 t 6
40 x_1_2 8
40 y_1_2 10
40 y_1_2 12
40 y_1_2 14
40 t 17
40 x_1_2 19
40 t 21
40 t 23
40 t 25
40 y_1_2 27
40 y_1_2 29
40 y_1_2 31
41 cz 0 1
41 cz 4 5
41 cz 10 11
41 cz 14 15
41 cz 16 17
41 cz 20 21
41 cz 26 27
41 cz 30 31
41 cz 32 33
41 cz 36 37
41 x_1_2 3
41 x_1_2 7
41 t 9
41 t 13
41 t 18
41 x_1_2 22
41 t 24
41 y_1_2 28
42 cz 2 3
42 cz 6 7
42 cz 8 9
42 cz 12 13
42 cz 18 19
42 cz 22 23
42 cz 24 25
42 cz 28 29
42 cz 34 35
42 cz 38 39
42 t 0
42 x_1_2 1
42 x_1_2 4
42 x_1_2 5
42 t 10
42 t 11
42 t 14
42 y_1_2 15
42 t 16
42 y_1_2 17
42 t 20
42 y_1_2 21
42 x_1_2 26
42 t 27
42 t 30
42 x_1_2 31
42 x_1_2 32
42 y_1_2 33
42 t 36
42 t 37
43 cz 8 16
43 cz 10 18
43 cz 12 20
43 cz 14 22
43 cz 25 33
43 cz 27 35
43 cz 29 37
43 cz 31 39
43 x_1_2 2
43 y_1_2 3
43 x_1_2 6
43 y_1_2 7
43 y_1_2 9
43 y_1_2 13
43 t 19
43 y_1_2 23
43 x_1_2 24
43 x_1_2 28
43 t 34
43 x_1_2 38
44 cz 9 17
44 cz 11 19
44 cz 13 21
44 cz 15 23
44 cz 24 32
44 cz 26 34
44 cz 28 36
44 cz 30 38
44 t 8
44 y_1_2 10
44 t 12
44 y_1_2 14
44 x_1_2 16
44 x_1_2 18
44 x_1_2 20
44 y_1_2 22
44 x_1_2 25
44 y_1_2 27
44 t 29
44 y_1_2 31
44 t 33
44 t 35
44 y_1_2 37
44 t 39
45 cz 1 2
45 cz 5 6
45 cz 11 12
45 cz 17 18
45 cz 21 22
45 cz 27 28
45 cz 33 34
45 cz 37 38
45 x_1_2 9
45 t 13
45 t 15
45 x_1_2 19
45 t 23
45 t 24
45 y_1_2 26
45 y_1_2 30
45 t 32
45 x_1_2 36
46 cz 3 4
46 cz 9 10
46 cz 13 14
46 cz 19 20
46 cz 25 26
46 cz 29 30
46 cz 35 36
46 t 1
46 t 2
46 y_1_2 5
46 y_1_2 6
46 x_1_2 11
46 y_1_2 12
46 x_1_2 17
46 y_1_2 18
46 t 21
46 x_1_2 22
46 t 27
46 t 28
46 x_1_2 33
46 y_1_2 34
46 t 37
46 y_1_2 38
47 cz 0 8
47 cz 2 10
47 cz 4 12
47 cz 6 14
47 cz 17 25
47 cz 19 27
47 cz 21 29
47 cz 23 31
47 x_1_2 3
47 y_1_2 9
47 y_1_2 13
47 y_1_2 20
47 x_1_2 26
47 t 30
47 y_1_2 35
47 t 36
48 cz 1 9
48 cz 3 11
48 cz 5 13
48 cz 7 15
48 cz 16 24
48 cz 18 26
48 cz 20 28
48 cz 22 30
48 y_1_2 0
48 x_1_2 2
48 y_1_2 4
48 t 6
48 y_1_2 8
48 x_1_2 10
48 x_1_2 12
48 x_1_2 14
48 y_1_2 17
48 y_1_2 19
48 x_1_2 21
48 x_1_2 23
48 y_1_2 25
48 y_1_2 27
48 x_1_2 29
48 t 31
49 cz 0 1
49 cz 4 5
49 cz 10 11
49 cz 14 15
49 cz 16 17
49 cz 20 21
49 cz 26 27
49 cz 30 31
49 cz 32 33
49 cz 36 37
49 t 3
49 t 7
49 t 9
49 x_1_2 13
49 x_1_2 18
49 y_1_2 22
49 y_1_2 24
49 y_1_2 28
50 cz 2 3
50 cz 6 7
50 cz 8 9
50 cz 12 13
50 cz 18 19
50 cz 22 23
50 cz 24 25
50 cz 28 29
50 cz 34 35
50 cz 38 39
50 x_1_2 0
50 y_1_2 1
50 t 4
50 t 5
50 t 10
50 t 11
50 y_1_2 14
50 y_1_2 15
50 t 16
50 x_1_2 17
50 t 20
50 y_1_2 21
50 t 26
50 t 27
50 x_1_2 30
50 x_1_2 31
50 y_1_2 32
50 y_1_2 33
50 y_1_2 36
50 y_1_2 37
51 cz 8 16
51 cz 10 18
51 cz 12 20
51 cz 14 22
51 cz 25 33
51 cz 27 35
51 cz 29 37
51 cz 31 39
51 t 2
51 y_1_2 3
51 y_1_2 6
51 y_1_2 7
51 y_1_2 9
51 t 13
51 t 19
51 t 23
51 x_1_2 24
51 x_1_2 28
51 t 34
51 x_1_2 38
52 cz 9 17
52 cz 11 19
52 cz 13 21
52 cz 15 23
52 cz 24 32
52 cz 26 34
52 cz 28 36
52 cz 30 38
52 t 8
52 x_1_2 10
52 y_1_2 12
52 t 14
52 y_1_2 16
52 y_1_2 18
52 y_1_2 20
52 t 22
52 t 25
52 x_1_2 27
52 y_1_2 29
52 t 31
52 x_1_2 33
52 x_1_2 35
52 x_1_2 37
52 y_1_2 39
53 cz 1 2
53 cz 5 6
53 cz 11 12
53 cz 17 18
53 cz 21 22
53 cz 27 28
53 cz 33 34
53 cz 37 38
53 x_1_2 9
53 x_1_2 13
53 x_1_2 15
53 x_1_2 19
53 y_1_2 23
53 y_1_2 24
53 x_1_2 26
53 t 30
53 t 32
53 t 36
54 cz 3 4
54 cz 9 10
54 cz 13 14
54 cz 19 20
54 cz 25 26
54 cz 29 30
54 cz 35 36
54 x_1_2 1
54 x_1_2 2
54 x_1_2 5
54 t 6
54 y_1_2 11
54 t 12
54 t 17
54 x_1_2 18
54 x_1_2 21
54 y_1_2 22
54 y_1_2 27
54 y_1_2 28
54 t 33
54 y_1_2 34
54 t 37
54 t 38
55 cz 0 8
55 cz 2 10
55 cz 4 12
55 cz 6 14
55 cz 17 25
55 cz 19 27
55 cz 21 29
55 cz 23 31
55 x_1_2 3
55 y_1_2 9
55 t 13
55 t 20
55 t 26
55 x_1_2 30
55 t 35
55 x_1_2 36
56 cz 1 9
56 cz 3 11
56 cz 5 13
56 cz 7 15
56 cz 16 24
56 cz 18 26
56 cz 20 28
56 cz 22 30
56 t 0
56 y_1_2 2
56 x_1_2 4
56 x_1_2 6
56 x_1_2 8
56 y_1_2 10
56 x_1_2 12
56 y_1_2 14
56 y_1_2 17
56 t 19
56 t 21
56 x_1_2 23
56 y_1_2 25
56 x_1_2 27
56 t 29
56 x_1_2 31
57 cz 0 1
57 cz 4 5
57 cz 10 11
57 cz 14 15
57 cz 16 17
57 cz 20 21
57 cz 26 27
57 cz 30 31
57 cz 32 33
57 cz 36 37
57 t 3
57 t 7
57 t 9
57 y_1_2 13
57 t 18
57 t 22
57 t 24
57 x_1_2 28
58 cz 2 3
58 cz 6 7
58 cz 8 9
58 cz 12 13
58 cz 18 19
58 cz 22 23
58 cz 24 25
58 cz 28 29
58 cz 34 35
58 cz 38 39
58 x_1_2 0
58 t 1
58 y_1_2 4
58 y_1_2 5
58 t 10
58 t 11
58 x_1_2 14
58 y_1_2 15
58 x_1_2 16
58 t 17
58 y_1_2 20
58 x_1_2 21
58 x_1_2 26
58 t 27
58 y_1_2 30
58 y_1_2 31
58 x_1_2 32
58 x_1_2 33
58 t 36
58 x_1_2 37
59 cz 8 16
59 cz 10 18
59 cz 12 20
59 cz 14 22
59 cz 25 33
59 cz 27 35
59 cz 29 37
59 cz 31 39
59 t 2
59 x_1_2 3
59 y_1_2 6
59 y_1_2 7
59 y_1_2 9
59 x_1_2 13
59 x_1_2 19
59 t 23
59 x_1_2 24
59 t 28
59 x_1_2 34
59 y_1_2 38
60 cz 9 17
60 cz 11 19
60 cz 13 21
60 cz 15 23
60 cz 24 32
60 cz 26 34
60 cz 28 36
60 cz 30 38
60 t 8
60 x_1_2 10
60 y_1_2 12
60 y_1_2 14
60 y_1_2 16
60 x_1_2 18
60 x_1_2 20
60 x_1_2 22
60 t 25
60 x_1_2 27
60 y_1_2 29
60 t 31
60 y_1_2 33
60 y_1_2 35
60 y_1_2 37
60 t 39
61 cz 1 2
61 cz 5 6
61 cz 11 12
61 cz 17 18
61 cz 21 22
61 cz 27 28
61 cz 33 34
61 cz 37 38
61 x_1_2 9
61 t 13
61 t 15
61 y_1_2 19
61 y_1_2 23
61 t 24
61 t 26
61 x_1_2 30
61 y_1_2 32
61 x_1_2 36
62 cz 3 4
62 cz 9 10
62 cz 13 14
62 cz 19 20
62 cz 25 26
62 cz 29 30
62 cz 35 36
62 x_1_2 1
62 y_1_2 2
62 t 5
62 x_1_2 6
62 y_1_2 11
62 t 12
62 x_1_2 17
62 t 18
62 t 21
62 y_1_2 22
62 t 27
62 y_1_2 28
62 t 33
62 y_1_2 34
62 x_1_2 37
62 x_1_2 38
63 cz 0 8
63 cz 2 10
63 cz 4 12
63 cz 6 14
63 cz 17 25
63 cz 19 27
63 cz 21 29
63 cz 23 31
63 t 3
63 y_1_2 9
63 y_1_2 13
63 y_1_2 20
63 x_1_2 26
63 t 30
63 t 35
63 y_1_2 36
64 cz 1 9
64 cz 3 11
64 cz 5 13
64 cz 7 15
64 cz 16 24
64 cz 18 26
64 cz 20 28
64 cz 22 30
64 y_1_2 0
64 x_1_2 2
64 t 4
64 t 6
64 x_1_2 8
64 y_1_2 10
64 y_1_2 12
64 x_1_2 14
64 y_1_2 17
64 x_1_2 19
64 x_1_2 21
64 t 23
64 y_1_2 25
64 y_1_2 27
64 x_1_2 29
64 y_1_2 31
65 cz 0 1
65 cz 4 5
65 cz 10 11
65 cz 14 15
65 cz 16 17
65 cz 20 21
65 cz 26 27
65 cz 30 31
65 cz 32 33
65 cz 36 37
65 x_1_2 3
65 t 7
65 x_1_2 9
65 t 13
65 y_1_2 18
65 x_1_2 22
65 y_1_2 24
65 x_1_2 28
66 cz 2 3
66 cz 6 7
66 cz 8 9
66 cz 12 13
66 cz 18 19
66 cz 22 23
66 cz 24 25
66 cz 28 29
66 cz 34 35
66 cz 38 39
66 x_1_2 0
66 y_1_2 1
66 y_1_2 4
66 y_1_2 5
66 t 10
66 x_1_2 11
66 t 14
66 y_1_2 15
66 x_1_2 16
66 x_1_2 17
66 t 20
66 y_1_2 21
66 y_1_2 26
66 t 27
66 x_1_2 30
66 t 31
66 x_1_2 32
66 y_1_2 33
66 x_1_2 36
66 t 37
67 cz 8 16
67 cz 10 18
67 cz 12 20
67 cz 14 22
67 cz 25 33
67 cz 27 35
67 cz 29 37
67 cz 31 39
67 y_1_2 2
67 t 3
67 x_1_2 6
67 x_1_2 7
67 y_1_2 9
67 x_1_2 13
67 t 19
67 y_1_2 23
67 t 24
67 y_1_2 28
67 t 34
67 y_1_2 38
68 cz 9 17
68 cz 11 19
68 cz 13 21
68 cz 15 23
68 cz 24 32
68 cz 26 34
68 cz 28 36
68 cz 30 38
68 t 8
68 x_1_2 10
68 x_1_2 12
68 x_1_2 14
68 y_1_2 16
68 t 18
68 x_1_2 20
68 y_1_2 22
68 t 25
68 y_1_2 27
68 t 29
68 y_1_2 31
68 t 33
68 x_1_2 35
68 x_1_2 37
68 y_1_2 39
69 cz 1 2
69 cz 5 6
69 cz 11 12
69 cz 17 18
69 cz 21 22
69 cz 27 28
69 cz 33 34
69 cz 37 38
69 t 9
69 y_1_2 13
69 t 15
69 y_1_2 19
69 t 23
69 y_1_2 24
69 t 26
69 y_1_2 30
69 t 32
69 t 36
70 cz 3 4
70 cz 9 10
70 cz 13 14
70 cz 19 20
70 cz 25 26
70 cz 29 30
70 cz 35 36
70 t 1
70 t 2
70 x_1_2 5
70 y_1_2 6
70 t 11
70 y_1_2 12
70 t 17
70 x_1_2 18
70 x_1_2 21
70 t 22
70 x_1_2 27
70 t 28
70 x_1_2 33
70 x_1_2 34
70 t 37
70 t 38
71 cz 0 8
71 cz 2 10
71 cz 4 12
71 cz 6 14
71 cz 17 25
71 cz 19 27
71 cz 21 29
71 cz 23 31
71 y_1_2 3
71 x_1_2 9
71 x_1_2 13
71 t 20
71 y_1_2 26
71 t 30
71 y_1_2 35
71 x_1_2 36
72 cz 1 9
72 cz 3 11
72 cz 5 13
72 cz 7 15
72 cz 16 24
72 cz 18 26
72 cz 20 28
72 cz 22 30
72 t 0
72 y_1_2 2
72 t 4
72 t 6
72 x_1_2 8
72 y_1_2 10
72 t 12
72 t 14
72 x_1_2 17
72 t 19
72 y_1_2 21
72 y_1_2 23
72 x_1_2 25
72 t 27
72 y_1_2 29
72 t 31
73 cz 0 1
73 cz 4 5
73 cz 10 11
73 cz 14 15
73 cz 16 17
73 cz 20 21
73 cz 26 27
73 cz 30 31
73 cz 32 33
73 cz 36 37
73 t 3
73 t 7
73 y_1_2 9
73 t 13
73 y_1_2 18
73 x_1_2 22
73 x_1_2 24
73 y_1_2 28
74 cz 2 3
74 cz 6 7
74 cz 8 9
74 cz 12 13
74 cz 18 19
74 cz 22 23
74 cz 24 25
74 cz 28 29
74 cz 34 35
74 cz 38 39
74 x_1_2 0
74 x_1_2 1
74 x_1_2 4
74 t 5
74 x_1_2 10
74 y_1_2 11
74 y_1_2 14
74 y_1_2 15
74 t 16
74 t 17
74 y_1_2 20
74 x_1_2 21
74 t 26
74 x_1_2 27
74 x_1_2 30
74 x_1_2 31
74 x_1_2 32
74 y_1_2 33
74 t 36
74 x_1_2 37
75 cz 8 16
75 cz 10 18
75 cz 12 20
75 cz 14 22
75 cz 25 33
75 cz 27 35
75 cz 29 37
75 cz 31 39
75 x_1_2 2
75 y_1_2 3
75 y_1_2 6
75 y_1_2 7
75 t 9
75 x_1_2 13
75 x_1_2 19
75 t 23
75 t 24
75 t 28
75 y_1_2 34
75 x_1_2 38
76 cz 9 17
76 cz 11 19
76 cz 13 21
76 cz 15 23
76 cz 24 32
76 cz 26 34
76 cz 28 36
76 cz 30 38
76 t 8
76 t 10
76 y_1_2 12
76 x_1_2 14
76 x_1_2 16
76 x_1_2 18
76 t 20
76 y_1_2 22
76 y_1_2 25
76 y_1_2 27
76 x_1_2 29
76 t 31
76 x_1_2 33
76 t 35
76 y_1_2 37
76 t 39
77 cz 1 2
77 cz 5 6
77 cz 11 12
77 cz 17 18
77 cz 21 22
77 cz 27 28
77 cz 33 34
77 cz 37 38
77 y_1_2 9
77 t 13
77 x_1_2 15
77 t 19
77 y_1_2 23
77 x_1_2 24
77 y_1_2 26
77 t 30
77 t 32
77 x_1_2 36
78 cz 3 4
78 cz 9 10
78 cz 13 14
78 cz 19 20
78 cz 25 26
78 cz 29 30
78 cz 35 36
78 y_1_2 1
78 y_1_2 2
78 y_1_2 5
78 x_1_2 6
78 t 11
78 t 12
78 x_1_2 17
78 t 18
78 t 21
78 t 22
78 t 27
78 x_1_2 28
78 y_1_2 33
78 t 34
78 t 37
78 t 38
79 cz 0 8
79 cz 2 10
79 cz 4 12
79 cz 6 14
79 cz 17 25
79 cz 19 27
79 cz 21 29
79 cz 23 31
79 x_1_2 3
79 x_1_2 9
79 y_1_2 13
79 y_1_2 20
79 t 26
79 y_1_2 30
79 y_1_2 35
79 t 36
80 cz 1 9
80 cz 3 11
80 cz 5 13
80 cz 7 15
80 cz 16 24
80 cz 18 26
80 cz 20 28
80 cz 22 30
80 y_1_2 0
80 x_1_2 2
80 t 4
80 y_1_2 6
80 y_1_2 8
80 x_1_2 10
80 x_1_2 12
80 y_1_2 14
80 y_1_2 17
80 y_1_2 19
80 x_1_2 21
80 t 23
80 t 25
80 x_1_2 27
80 t 29
80 y_1_2 31
81 cz 0 1
81 cz 4 5
81 cz 10 11
81 cz 14 15
81 cz 16 17
81 cz 20 21
81 cz 26 27
81 cz 30 31
81 cz 32 33
81 cz 36 37
81 y_1_2 3
81 x_1_2 7
81 y_1_2 9
81 t 13
81 x_1_2 18
81 y_1_2 22
81 t 24
81 t 28
82 cz 2 3
82 cz 6 7
82 cz 8 9
82 cz 12 13
82 cz 18 19
82 cz 22 23
82 cz 24 25
82 cz 28 29
82 cz 34 35
82 cz 38 39
82 x_1_2 0
82 x_1_2 1
82 y_1_2 4
82 x_1_2 5
82 y_1_2 10
82 x_1_2 11
82 t 14
82 y_1_2 15
82 t 16
82 t 17
82 x_1_2 20
82 y_1_2 21
82 y_1_2 26
82 y_1_2 27
82 t 30
82 x_1_2 31
82 x_1_2 32
82 x_1_2 33
82 y_1_2 36
82 x_1_2 37
83 cz 8 16
83 cz 10 18
83 cz 12 20
83 cz 14 22
83 cz 25 33
83 cz 27 35
83 cz 29 37
83 cz 31 39
83 y_1_2 2
83 x_1_2 3
83 t 6
83 t 7
83 x_1_2 9
83 y_1_2 13
83 t 19
83 x_1_2 23
83 x_1_2 24
83 y_1_2 28
83 y_1_2 34
83 y_1_2 38
84 cz 9 17
84 cz 11 19
84 cz 13 21
84 cz 15 23
84 cz 24 32
84 cz 26 34
84 cz 28 36
84 cz 30 38
84 t 8
84 x_1_2 10
84 t 12
84 x_1_2 14
84 y_1_2 16
84 t 18
84 t 20
84 x_1_2 22
84 x_1_2 25
84 x_1_2 27
84 y_1_2 29
84 t 31
84 y_1_2 33
84 t 35
84 t 37
84 y_1_2 39
85 cz 1 2
85 cz 5 6
85 cz 11 12
85 cz 17 18
85 cz 21 22
85 cz 27 28
85 cz 33 34
85 cz 37 38
85 t 9
85 x_1_2 13
85 t 15
85 x_1_2 19
85 y_1_2 23
85 y_1_2 24
85 t 26
85 y_1_2 30
85 y_1_2 32
85 x_1_2 36
86 cz 3 4
86 cz 9 10
86 cz 13 14
86 cz 19 20
86 cz 25 26
86 cz 29 30
86 cz 35 36
86 t 1
86 t 2
86 y_1_2 5
86 x_1_2 6
86 t 11
86 y_1_2 12
86 x_1_2 17
86 x_1_2 18
86 x_1_2 21
86 y_1_2 22
86 t 27
86 t 28
86 t 33
86 t 34
86 y_1_2 37
86 x_1_2 38
87 cz 0 8
87 cz 2 10
87 cz 4 12
87 cz 6 14
87 cz 17 25
87 cz 19 27
87 cz 21 29
87 cz 23 31
87 t 3
87 y_1_2 9
87 y_1_2 13
87 y_1_2 20
87 y_1_2 26
87 x_1_2 30
87 x_1_2 35
87 y_1_2 36
88 cz 1 9
88 cz 3 11
88 cz 5 13
88 cz 7 15
88 cz 16 24
88 cz 18 26
88 cz 20 28
88 cz 22 30
88 y_1_2 0
88 y_1_2 2
88 x_1_2 4
88 y_1_2 6
88 x_1_2 8
88 t 10
88 t 12
88 t 14
88 y_1_2 17
88 t 19
88 y_1_2 21
88 x_1_2 23
88 t 25
88 x_1_2 27
88 x_1_2 29
88 x_1_2 31
89 cz 0 1
89 cz 4 5
89 cz 10 11
89 cz 14 15
89 cz 16 17
89 cz 20 21
89 cz 26 27
89 cz 30 31
89 cz 32 33
89 cz 36 37
89 x_1_2 3
89 x_1_2 7
89 t 9
89 t 13
89 t 18
89 x_1_2 22
89 t 24
89 y_1_2 28
90 cz 2 3
90 cz 6 7
90 cz 8 9
90 cz 12 13
90 cz 18 19
90 cz 22 23
90 cz 24 25
90 cz 28 29
90 cz 34 35
90 cz 38 39
90 t 0
90 y_1_2 1
90 t 4
90 x_1_2 5
90 y_1_2 10
90 x_1_2 11
90 y_1_2 14
90 x_1_2 15
90 t 16
90 t 17
90 x_1_2 20
90 t 21
90 t 26
90 y_1_2 27
90 t 30
90 t 31
90 x_1_2 32
90 x_1_2 33
90 x_1_2 36
90 x_1_2 37
91 cz 8 16
91 cz 10 18
91 cz 12 20
91 cz 14 22
91 cz 25 33
91 cz 27 35
91 cz 29 37
91 cz 31 39
91 t 2
91 y_1_2 3
91 t 6
91 t 7
91 x_1_2 9
91 y_1_2 13
91 y_1_2 19
91 y_1_2 23
91 y_1_2 24
91 t 28
91 y_1_2 34
91 t 38
92 cz 9 17
92 cz 11 19
92 cz 13 21
92 cz 15 23
92 cz 24 32
92 cz 26 34
92 cz 28 36
92 cz 30 38
92 y_1_2 8
92 t 10
92 y_1_2 12
92 x_1_2 14
92 x_1_2 16
92 y_1_2 18
92 y_1_2 20
92 t 22
92 y_1_2 25
92 x_1_2 27
92 t 29
92 y_1_2 31
92 y_1_2 33
92 y_1_2 35
92 t 37
92 x_1_2 39
93 cz 1 2
93 cz 5 6
93 cz 11 12
93 cz 17 18
93 cz 21 22
93 cz 27 28
93 cz 33 34
93 cz 37 38
93 t 9
93 x_1_2 13
93 y_1_2 15
93 t 19
93 t 23
93 x_1_2 24
93 x_1_2 26
93 y_1_2 30
93 t 32
93 y_1_2 36
94 cz 3 4
94 cz 9 10
94 cz 13 14
94 cz 19 20
94 cz 25 26
94 cz 29 30
94 cz 35 36
94 x_1_2 1
94 x_1_2 2
94 y_1_2 5
94 y_1_2 6
94 y_1_2 11
94 t 12
94 y_1_2 17
94 x_1_2 18
94 x_1_2 21
94 y_1_2 22
94 t 27
94 y_1_2 28
94 t 33
94 t 34
94 y_1_2 37
94 y_1_2 38
95 cz 0 8
95 cz 2 10
95 cz 4 12
95 cz 6 14
95 cz 17 25
95 cz 19 27
95 cz 21 29
95 cz 23 31
95 x_1_2 3
95 x_1_2 9
95 y_1_2 13
95 t 20
95 y_1_2 26
95 x_1_2 30
95 t 35
95 x_1_2 36
96 cz 1 9
96 cz 3 11
96 cz 5 13
96 cz 7 15
96 cz 16 24
96 cz 18 26
96 cz 20 28
96 cz 22 30
96 y_1_2 0
96 y_1_2 2
96 y_1_2 4
96 x_1_2 6
96 x_1_2 8
96 y_1_2 10
96 y_1_2 12
96 y_1_2 14
96 x_1_2 17
96 y_1_2 19
96 y_1_2 21
96 x_1_2 23
96 x_1_2 25
96 y_1_2 27
96 x_1_2 29
96 x_1_2 31
97 cz 0 1
97 cz 4 5
97 cz 10 11
97 cz 14 15
97 cz 16 17
97 cz 20 21
97 cz 26 27
97 cz 30 31
97 cz 32 33
97 cz 36 37
97 y_1_2 3
97 x_1_2 7
97 y_1_2 9
97 x_1_2 13
97 t 18
97 x_1_2 22
97 y_1_2 24
97 t 28
98 cz 2 3
98 cz 6 7
98 cz 8 9
98 cz 12 13
98 cz 18 19
98 cz 22 23
98 cz 24 25
98 cz 28 29
98 cz 34 35
98 cz 38 39
98 t 0
98 y_1_2 1
98 x_1_2 4
98 x_1_2 5
98 t 10
98 t 11
98 x_1_2 14
98 x_1_2 15
98 y_1_2 16
98 y_1_2 17
98 x_1_2 20
98 x_1_2 21
98 t 26
98 t 27
98 t 30
98 y_1_2 31
98 x_1_2 32
98 x_1_2 33
98 t 36
98 t 37
99 cz 8 16
99 cz 10 18
99 cz 12 20
99 cz 14 22
99 cz 25 33
99 cz 27 35
99 cz 29 37
99 cz 31 39
99 t 2
99 x_1_2 3
99 y_1_2 6
99 t 7
99 x_1_2 9
99 t 13
99 t 19
99 t 23
99 t 24
99 x_1_2 28
99 y_1_2 34
99 x_1_2 38
100 cz 9 17
100 cz 11 19
100 cz 13 21
100 cz 15 23
100 cz 24 32
100 cz 26 34
100 cz 28 36
100 cz 30 38
100 t 8
100 y_1_2 10
100 t 12
100 y_1_2 14
100 t 16
100 y_1_2 18
100 t 20
100 y_1_2 22
100 y_1_2 25
100 x_1_2 27
100 t 29
100 x_1_2 31
100 y_1_2 33
100 y_1_2 35
100 y_1_2 37
100 t 39
